DeliveryDate,HourEnding,Coast,East,FarWest,North,NorthCentral,SouthCentral,Southern,West,SystemTotal,Model,InUseFlag,DSTFlag
08/08/2018,1:00,12775.8799,1731.9445,3086.5139,1147.804,16539.5215,7849.6675,3780.4766,1592.9688,48504.7767,A3,N,N
08/08/2018,1:00,12720.9102,1804.3848,3102.8801,1171.9745,16659.9199,7994.2695,3767.167,1640.0898,48861.5958,A6,Y,N
08/08/2018,1:00,12230,1745.33,3070.73,1129.42,16237.5,7723.6299,3744.95,1474.8199,47356.3798,E,N,N
08/08/2018,1:00,10985.2998,1703.27,2997.4099,1137.97,16312.5,7730.6001,3901.78,1445.05,46213.8798,E1,N,N
08/08/2018,1:00,12226.2002,1744.5699,3069.1899,1135.65,16237.9004,7694.8101,3695.0901,1476.76,47280.1706,E2,N,N
08/08/2018,1:00,12424.2998,1770.0601,3046.1001,1134.92,16193,7745.79,3744.45,1499.4301,47558.0501,E3,N,N
08/08/2018,1:00,12227.0986,1749.9265,3062.1375,1142.9565,16363.3906,7789.7949,3772.3191,1521.5199,47629.1436,M,N,N
08/08/2018,2:00,12149.2129,1636.1819,2952.7898,1100.2849,15041.8916,7267.5254,3542.5261,1477.043,45167.4556,A3,N,N
08/08/2018,2:00,12125.6797,1675.3047,2946.1138,1094.6277,15213.0918,7228.3359,3533.1387,1492.7167,45309.009,A6,Y,N
08/08/2018,2:00,12166.5996,1682.91,2870.76,1118.01,15283.5996,7446.0601,3549.51,1511.05,45628.4993,E,N,N
08/08/2018,2:00,12287.7002,1659,2988.1499,1109.9399,15384.7002,7409.6802,3683.55,1385.12,45907.8404,E1,N,N
08/08/2018,2:00,11954.0996,1656.1,2932.21,1101.99,15273.0996,7348.6099,3575.01,1484.04,45325.1591,E2,N,N
08/08/2018,2:00,12004.2998,1664.1,2901.77,1118.66,15322.4004,7396.54,3549.54,1528.91,45486.2202,E3,N,N
08/08/2018,2:00,12114.5986,1662.266,2931.9658,1107.2522,15253.1309,7349.459,3572.2126,1479.8134,45470.6985,M,N,N
08/08/2018,3:00,11488.2041,1595.1624,2911.7881,1060.1414,14544.3574,6958.7129,3358.0667,1414.7748,43331.2078,A3,N,N
08/08/2018,3:00,11506.3018,1611.3567,2908.386,1060.4677,14523.8506,6958.207,3354.823,1417.8719,43341.2647,A6,N,N
08/08/2018,3:00,11743.2998,1622.1,2837.3501,1086.16,14667.4004,7084.5098,3362.6001,1457.42,43860.8402,E,N,N
08/08/2018,3:00,11873.2002,1592.97,2950.8201,1057.29,14451.7002,6967.7402,3505.6899,1337.77,43737.1806,E1,N,N
08/08/2018,3:00,11617,1600.33,2870.3501,1076.6,14648.0996,7019.8599,3398.03,1437.99,43668.2596,E2,Y,N
08/08/2018,3:00,11679.5,1618.4,2853.0601,1087.47,14672,7054.3999,3363.1201,1457.24,43785.1901,E3,N,N
08/08/2018,3:00,11651.251,1606.72,2888.6257,1071.355,14584.5684,7007.2383,3390.3884,1420.5111,43620.6579,M,N,N
08/08/2018,4:00,11613.3857,1567.0094,2878.8892,1015.2495,13998.0547,6700.9731,3290.626,1384.5769,42448.7645,A3,N,N
08/08/2018,4:00,11659.4961,1556.3883,2906.8486,1009.1361,14067.9922,6707.9438,3280.0691,1368.2118,42556.086,A6,N,N
08/08/2018,4:00,11584.5996,1574.17,2841.3201,1047.6,14121.0996,6766.9199,3268.1699,1424.92,42628.7991,E,N,N
08/08/2018,4:00,11509.5,1529.64,3212.78,1019.11,13935.5,6691.8101,3368.23,1296.8,42563.3701,E1,N,N
08/08/2018,4:00,11502.0996,1557.9399,2857.02,1034.84,14195.7002,6823.2598,3288.55,1388.63,42648.0395,E2,Y,N
08/08/2018,4:00,11544.5,1554.76,2852.3701,1040.0699,14137.9004,6751.6401,3268.3501,1403.84,42553.4306,E3,N,N
08/08/2018,4:00,11568.9297,1556.6514,2924.8713,1027.6676,14076.043,6740.4248,3293.9995,1377.8298,42566.4171,M,N,N
08/08/2018,5:00,11702.0674,1568.2668,2864.291,1000.3435,13925.4824,6746.2285,3210.7603,1337.0093,42354.4492,A3,N,N
08/08/2018,5:00,11736.6631,1576.6134,2892.209,1001.1099,13994.1514,6773.7666,3219.0691,1308.3373,42501.9198,A6,N,N
08/08/2018,5:00,11634.7002,1572.1801,2874.4099,1013.58,14155.9004,6646.0698,3213.0601,1354.05,42463.9505,E,N,N
08/08/2018,5:00,11771.5,1546.14,2871.1799,970.01,13883.2998,6477.73,3390.76,1293.85,42204.4697,E1,N,N
08/08/2018,5:00,11632.2002,1555.73,2862.4299,1012.84,14113.9004,6763.52,3242.96,1327.22,42510.8005,E2,Y,N
08/08/2018,5:00,11631.2002,1572.26,2863.1001,1010.63,14161.4004,6652.1201,3213.6201,1321.99,42426.3209,E3,N,N
08/08/2018,5:00,11684.7217,1565.1984,2871.27,1001.4189,14039.0225,6676.5723,3248.3716,1323.7428,42410.3182,M,N,N
08/08/2018,6:00,12068.9727,1620.8563,2842.7388,1019.7355,14382.2764,6978.1948,3263.99,1384.0707,43560.8352,A3,N,N
08/08/2018,6:00,12108.6211,1657.4708,2867.6157,1024.8025,14445.6152,6996.1152,3261.2515,1365.8531,43727.3451,A6,N,N
08/08/2018,6:00,11971.5,1627.54,2857.0901,1024.8199,14565,6933.27,3270.6699,1343.25,43593.1399,E,N,N
08/08/2018,6:00,12091.2998,1665.58,2656.3501,991.926,14146.2998,6963.4302,3402.71,1280.62,43198.2159,E1,N,N
08/08/2018,6:00,12085.5,1611.65,2849.78,1028.4399,14515.9004,6966.2002,3286.8701,1355.1899,43699.5305,E2,Y,N
08/08/2018,6:00,11924.5996,1627.61,2852.97,1024.8,14548.2002,6945.8799,3270.8501,1347.6899,43542.5997,E3,N,N
08/08/2018,6:00,12041.75,1635.1179,2821.0908,1019.0874,14433.8818,6963.8486,3292.7236,1346.1123,43553.6124,M,N,N
08/08/2018,7:00,12224.7549,1711.0591,2934.0342,1047.6035,15336.0947,7256.0723,3406.0564,1392.9106,45308.5857,A3,N,N
08/08/2018,7:00,12321.1182,1705.5427,2944.5288,1048.2144,15354.7236,7297.2065,3394.8264,1371.6868,45437.8474,A6,N,N
08/08/2018,7:00,12284.7998,1758.46,2933.95,1049.6801,15277.7998,7339.7202,3414.6599,1375.83,45434.8998,E,N,N
08/08/2018,7:00,12605.2002,1765.58,2830.05,1027.64,14667.9004,7216.6699,3467.26,1328.66,44908.9605,E1,N,N
08/08/2018,7:00,12580,1740.58,2920.4099,1064.62,15264.2998,7375.7402,3458.51,1387.64,45791.7999,E2,Y,N
08/08/2018,7:00,12283.7002,1762.89,2935.0701,1062.04,15298.5996,7279.98,3413.6499,1374.25,45410.1798,E3,N,N
08/08/2018,7:00,12383.2627,1740.6853,2916.3403,1049.9663,15199.9033,7294.2319,3425.8274,1371.8296,45382.0468,M,N,N
08/08/2018,8:00,12568.9434,1798.8976,2954.7571,1077.4513,15439.582,7426.5762,3385.1477,1409.0681,46060.4234,A3,N,N
08/08/2018,8:00,12530.5674,1813.1105,2975.272,1082.4525,15464.4961,7350.0635,3403.0869,1406.3149,46025.3638,A6,N,N
08/08/2018,8:00,12213.5996,1785.47,2954.26,1043.91,15161.2002,7291.7402,3400.3999,1406.25,45256.8299,E,N,N
08/08/2018,8:00,12722.5,1780.46,2952.3701,1032.17,14829.2002,7376.2002,3542.3999,1365.1,45600.4004,E1,N,N
08/08/2018,8:00,12496.7002,1778.53,2943.79,1041.8,15357.5996,7379.04,3426.5,1404.51,45828.4698,E2,Y,N
08/08/2018,8:00,12321.2998,1771.76,2959.8799,1030.1899,15221.2002,7364.29,3401.0601,1417.45,45487.1299,E3,N,N
08/08/2018,8:00,12475.6016,1788.038,2956.7214,1051.329,15245.5469,7364.6523,3426.4326,1401.4489,45709.7707,M,N,N
08/08/2018,9:00,13451.0879,1870.8762,2981.3599,1150.3993,16011.5703,7645.3062,3590.1365,1411.6831,48112.4194,A3,N,N
08/08/2018,9:00,13390.6289,1875.6833,2992.2341,1161.3042,16112.1465,7715.5503,3619.7317,1413.0039,48280.2829,A6,N,N
08/08/2018,9:00,13058.7998,1878.25,2986.48,1132.25,15820.2998,7590.5098,3608.6101,1409.09,47484.2895,E,N,N
08/08/2018,9:00,13510,1938.64,2964.1799,1140.6,15871.7998,7729.4102,3730.78,1360.4301,48245.84,E1,N,N
08/08/2018,9:00,13108.7002,1875.49,2970.45,1103.5601,15873.0996,7599.4902,3599.29,1391.75,47521.8301,E2,Y,N
08/08/2018,9:00,13155.5996,1864.8101,2991.7,1094.29,15990.7002,7677.3198,3608.52,1357.28,47740.2197,E3,N,N
08/08/2018,9:00,13279.1367,1883.9583,2981.0674,1130.4006,15946.6035,7659.5981,3626.1782,1390.5396,47897.4824,M,N,N
08/08/2018,10:00,14399.7998,2016.228,3059.9268,1239.605,17409.8633,7998.8848,3800.7549,1478.2822,51403.3448,A3,N,N
08/08/2018,10:00,14430.8223,2029.1206,3072.1426,1252.9467,17329.4883,8021.498,3821.7419,1477.9626,51435.723,A6,N,N
08/08/2018,10:00,14508.2998,2008,3090.1699,1225.99,17163.6992,8166.3999,3864.1101,1493.92,51520.5889,E,N,N
08/08/2018,10:00,14695.5,2093.3899,3067.52,1217.6,16926.5,8149.5601,4022.02,1442.9,51614.99,E1,N,N
08/08/2018,10:00,14205.4004,2016.98,3076.04,1213.3199,16979.3008,8123.46,3891.0701,1496.5601,51002.1313,E2,Y,N
08/08/2018,10:00,14478.2998,1981.54,3085.97,1213.03,17126.9004,8074.6299,3864.0901,1521.42,51345.8802,E3,N,N
08/08/2018,10:00,14453.0205,2024.2098,3075.2949,1227.0819,17155.959,8089.0723,3877.2979,1485.1741,51387.1104,M,N,N
08/08/2018,11:00,15680.7676,2198.7034,3149.3154,1335.7942,18543.957,8774.7588,4168.5166,1592.777,55444.59,A3,N,N
08/08/2018,11:00,15633.7773,2194.54,3163.7705,1359.7626,18572.3047,8856.4209,4223.8252,1591.8706,55596.2718,A6,N,N
08/08/2018,11:00,15741.9004,2171.95,3129.6001,1353.75,18530.0996,8741.7402,4129.2798,1593.63,55391.9501,E,N,N
08/08/2018,11:00,15718.2998,2242.97,3211.23,1348.11,18441.3008,8800.1504,4333.1201,1547.1899,55642.371,E1,N,N
08/08/2018,11:00,15448.4004,2179.8201,3130.4399,1331.99,18386,8771.0996,4181.1602,1609.24,55038.1502,E2,Y,N
08/08/2018,11:00,15678.7998,2181.3401,3126.8601,1357.89,18425,8709.5498,4129.1299,1619.71,55228.2797,E3,N,N
08/08/2018,11:00,15650.3242,2194.8875,3151.8694,1347.8828,18483.1133,8775.6201,4194.1724,1592.403,55390.2727,M,N,N
08/08/2018,12:00,16613.6777,2316.501,3279.7485,1345.4758,19447.5977,9318.3203,4468.5166,1650.334,58440.1716,A3,N,N
08/08/2018,12:00,16642.793,2321.3467,3293.8867,1373.3035,19522.7813,9327.8252,4442.2251,1659.0496,58583.2111,A6,N,N
08/08/2018,12:00,16755.4004,2324.1699,3310.3799,1393.13,19634.8008,9354.9902,4460.6201,1692.17,58925.6613,E,N,N
08/08/2018,12:00,16702.5,2364.0901,3351.6699,1353.12,19683.4004,9475.3301,4696.5898,1642.37,59269.0703,E1,N,N
08/08/2018,12:00,16660.1992,2315.2,3291.6201,1397,19791.0996,9472.8496,4433.9399,1669.99,59031.8984,E2,Y,N
08/08/2018,12:00,16829.9004,2320.95,3300.4099,1414.1,19603.1992,9348.5303,4459.0801,1687.87,58964.0399,E3,N,N
08/08/2018,12:00,16700.7461,2327.043,3304.6196,1379.355,19613.8145,9382.9746,4493.4951,1666.9639,58869.0118,M,N,N
08/08/2018,13:00,17329.7676,2445.1826,3356.4712,1362.0902,20200.8477,9860.667,4690.1875,1798.1981,61043.4119,A3,N,N
08/08/2018,13:00,17356.3145,2460.7031,3351.5415,1392.5979,20264.9902,9944.8662,4736.8311,1795.3156,61303.1601,A6,N,N
08/08/2018,13:00,17590.4004,2462,3379.3201,1339.0699,20043.4004,10017.2002,4648.1299,1792.0601,61271.581,E,N,N
08/08/2018,13:00,17515.1992,2518.53,3246.21,1375.3,20433.8008,10070.9004,4927.4702,1688.54,61775.9506,E1,N,N
08/08/2018,13:00,17673,2461.01,3372.24,1364.71,20795.8008,10102.7002,4702.8599,1801.4301,62273.751,E2,Y,N
08/08/2018,13:00,17644,2495.1399,3362.3101,1347.5601,19989.3008,10026.7998,4649.0298,1817.91,61332.0505,E3,N,N
08/08/2018,13:00,17518.1133,2473.761,3344.6824,1363.5548,20288.0234,10003.8555,4725.7515,1782.2423,61499.9842,M,N,N
08/08/2018,14:00,17544.332,2594.3035,3415.5127,1283.6779,20280.8105,10557.6494,5023.3945,1939.674,62639.3545,A3,N,N
08/08/2018,14:00,18243.7383,2591.9988,3415.9951,1333.6388,20391.8887,10493.5264,4863.7725,1953.87,63288.4286,A6,N,N
08/08/2018,14:00,18160.5,2589.78,3462.8201,1309.23,19859.5,10593.0996,4972.98,1939.88,62887.7897,E,Y,N
08/08/2018,14:00,17835.0996,2627.74,3400.1001,1459.59,21606.1992,10629.2998,5253.8701,1799.4399,64611.3387,E1,N,N
08/08/2018,14:00,18459.5,2605.29,3448.6799,1339,21068,10646.0996,4867.9102,1977.61,64412.0897,E2,N,N
08/08/2018,14:00,18096.5,2611.6499,3469.5901,1291.61,19833.0996,10560.5996,4972.6001,1988.99,62824.6393,E3,N,N
08/08/2018,14:00,18056.6133,2603.4602,3435.4497,1336.1244,20506.582,10580.0449,4992.4209,1933.2441,63443.9395,M,N,N
08/08/2018,15:00,18484.5996,2650.1921,3476.2454,1308.0349,21366.25,11091.5029,5213.644,2000.8025,65591.2714,A3,N,N
08/08/2018,15:00,18688.2715,2685.8254,3496.0264,1363.7355,20965.168,11042.6211,5071.7837,1998.7671,65312.1987,A6,N,N
08/08/2018,15:00,18613.1992,2675.25,3450.5601,1290.5601,19692.3008,11124.4004,5132.6699,2049.5801,64028.5206,E,Y,N
08/08/2018,15:00,18570.3008,2742.3401,3505.7,1421.92,21708.3008,11394.9004,5377.1001,1890.3199,66610.8821,E1,N,N
08/08/2018,15:00,18860.1992,2704.77,3467.26,1333.1,20771.8008,11109.0996,5022.1602,2013.5,65281.8898,E2,N,N
08/08/2018,15:00,18590.0996,2663.5,3450.46,1281.64,19789.6992,11107.9004,5133.2202,2027.77,64044.2894,E3,N,N
08/08/2018,15:00,18634.4453,2686.9797,3474.3755,1333.1652,20715.5879,11145.0703,5158.4297,1996.79,65144.8436,M,N,N
08/08/2018,16:00,18862.3262,2685.9177,3502.6824,1330.8883,22376.1973,11552.4717,5326.313,2035.67,67672.4666,A3,N,N
08/08/2018,16:00,19045.3379,2756.9045,3529.8022,1419.9181,21969.7305,11530.2412,5163.5469,2030.3363,67445.8176,A6,N,N
08/08/2018,16:00,18806.9004,2707.53,3470.97,1310.8101,19707.1992,11465.5996,5229.2798,2093.3899,64791.679,E,Y,N
08/08/2018,16:00,18656.3008,2774.1899,3444.5701,1552.2,22751.8008,11712.5,5498.73,1970.64,68360.9316,E1,N,N
08/08/2018,16:00,18910.5,2735.21,3501.78,1370.79,21378.3008,11482.2998,5144,2031.61,66554.4906,E2,N,N
08/08/2018,16:00,18680.1992,2700.8,3477.3,1320.28,20583.5,11445.5996,5255.4102,2042.89,65505.979,E3,N,N
08/08/2018,16:00,18826.9277,2726.7588,3487.8508,1384.1477,21461.123,11531.4521,5269.5469,2034.0895,66721.8965,M,N,N
08/08/2018,17:00,18372.3203,2671.9868,3519.2288,1359.0098,22928.4023,11731.3926,5281.2222,2062.3276,67925.8904,A3,N,N
08/08/2018,17:00,18325.1055,2761.2122,3560.3472,1465.9888,22497.9492,11799.6563,5166.8252,2048.1721,67625.2565,A6,N,N
08/08/2018,17:00,18676.5,2694.8401,3489.3501,1375.64,20497.1992,11671.9004,5278.8999,2079.7,65764.0297,E,Y,N
08/08/2018,17:00,18804.5,2777.6799,3523.1599,1475.55,23621.4004,11885.5996,5515.0801,1978.02,69580.9899,E1,N,N
08/08/2018,17:00,18564.5996,2729.9199,3538.6001,1422.6801,21970.3008,11700.7998,5178.6899,2010.84,67116.4302,E2,N,N
08/08/2018,17:00,18541.9004,2713.02,3477.3701,1378.04,21798.4004,11588.4004,5295.6201,2030.58,66823.3314,E3,N,N
08/08/2018,17:00,18547.4883,2724.7764,3518.0095,1412.8181,22218.9414,11729.625,5286.0566,2034.9399,67472.6552,M,N,N
08/08/2018,18:00,17754.166,2677.8108,3518.0842,1361.4836,22861.1523,11891.333,5208.896,2076.4722,67349.3981,A3,N,N
08/08/2018,18:00,17881.8105,2779.533,3568.0439,1489.1163,22612.8418,12022.7236,5148.397,2059.9658,67562.4319,A6,N,N
08/08/2018,18:00,18290.6992,2652,3495.6499,1421.85,21201.8008,11757.0996,5237.0498,2056.46,66112.6093,E,Y,N
08/08/2018,18:00,18622.5996,2762.4199,3332.25,1566.39,23452.5996,11945.5,5425.46,1998.09,69105.3091,E1,N,N
08/08/2018,18:00,17977.4004,2699.1799,3557.97,1449.17,22386.0996,11813.0996,5103.8599,1968.3199,66955.0993,E2,N,N
08/08/2018,18:00,18249.6992,2702.29,3489.1299,1411.79,22847.8008,11798.0996,5240.3301,1993.8101,67732.9497,E3,N,N
08/08/2018,18:00,18129.3965,2712.2056,3493.5217,1449.9667,22560.3828,11871.3086,5227.332,2025.5198,67469.6337,M,N,N
08/08/2018,19:00,17196.7051,2573.0181,3491.5598,1327.8306,22498.6152,11762.6895,5045.6943,2056.178,65952.2906,A3,N,N
08/08/2018,19:00,17290.6309,2719.9375,3545.6072,1454.6394,22446.0488,11850.2676,5049.917,2030.7629,66387.8113,A6,N,N
08/08/2018,19:00,17638.6992,2582.1699,3496.73,1402.74,21772.1992,11634.4004,5098.6201,2025.89,65651.4488,E,Y,N
08/08/2018,19:00,17800.1992,2685.4299,3474.3899,1515.9399,22812.9004,11820.2998,5282.4399,1982.8,67374.399,E1,N,N
08/08/2018,19:00,17405.5,2613.5801,3562.8101,1425.96,22310.3008,11691.7002,4954.1499,1914.36,65878.3611,E2,N,N
08/08/2018,19:00,17619.8008,2588.53,3487.99,1384.63,23108.0996,11682.2998,5099.9302,1954,66925.2804,E3,N,N
08/08/2018,19:00,17491.9238,2627.1111,3509.8481,1418.6233,22491.3613,11740.2764,5088.459,1993.9985,66361.6015,M,N,N
08/08/2018,20:00,16606.541,2464.3027,3480.073,1261.0792,21759.8926,11319.4385,4851.9995,2013.6157,63756.9422,A3,N,N
08/08/2018,20:00,16662.8418,2596.8647,3553.5083,1381.7123,21746.2441,11373.4453,4898.9946,1988.0714,64201.6825,A6,N,N
08/08/2018,20:00,17044.5996,2467.23,3502.6399,1356.92,21590.0996,11266.7002,4914.8198,1985.99,64128.9991,E,Y,N
08/08/2018,20:00,17264.0996,2537.72,3436.4099,1403.88,22132.1992,11348.0996,5049.9902,1918.83,65091.2285,E1,N,N
08/08/2018,20:00,16824,2477.3899,3523.5601,1350.79,21548.4004,11287,4746.4702,1862.1,63619.7106,E2,N,N
08/08/2018,20:00,17031,2508.78,3436.1201,1306.6,22167.6992,11295.5996,4899.8501,1903.5,64549.149,E3,N,N
08/08/2018,20:00,16905.5137,2508.7144,3488.7188,1343.4971,21824.0898,11315.0469,4893.6875,1945.3512,64224.6194,M,N,N
08/08/2018,21:00,16136.584,2410.7637,3423.3528,1204.0792,20884.6621,10858.5596,4670.6118,1935.7833,61524.3965,A3,N,N
08/08/2018,21:00,16325.1416,2506.2458,3491.502,1324.3191,21063.3594,10885.5576,4714.7798,1905.9052,62216.8105,A6,N,N
08/08/2018,21:00,16698.9004,2394.3999,3450.5701,1316.41,21112.1992,10890.7002,4751.71,1927.77,62542.6598,E,Y,N
08/08/2018,21:00,16839.5996,2442.96,3354.98,1368.58,21104.6992,10938.2998,4937.6899,1824.23,62811.0385,E1,N,N
08/08/2018,21:00,16410.9004,2390.1499,3464.3999,1331.8199,20735.6992,10913.5,4622.1699,1805.02,61673.6592,E2,N,N
08/08/2018,21:00,16651.3008,2421,3399.0701,1266.54,20897.3008,10878.0996,4754.1602,1849.33,62116.8015,E3,N,N
08/08/2018,21:00,16510.4043,2427.5867,3430.646,1301.958,20966.3203,10894.1201,4741.8535,1874.6731,62147.562,M,N,N
08/08/2018,22:00,15700.2432,2314.2498,3362.4224,1151.1122,20110.1738,10367.334,4566.0645,1880.4839,59452.0838,A3,N,N
08/08/2018,22:00,15731.7002,2380.4607,3414.3879,1267.478,20329.7246,10423.6035,4636.207,1852.5696,60036.1315,A6,N,N
08/08/2018,22:00,16099.2998,2287.7,3389.6799,1254.42,20265.5,10392.9004,4626.0801,1920.24,60235.8202,E,Y,N
08/08/2018,22:00,16286.0996,2363.51,3267.53,1340.29,20058.3008,10499.5,4813.2002,1805.84,60434.2706,E1,N,N
08/08/2018,22:00,15824.4004,2291.1699,3403.3999,1289.67,19865,10379,4554.52,1744.84,59352.0002,E2,N,N
08/08/2018,22:00,16037.5996,2326.6899,3350.76,1233.41,20256.6992,10499.9004,4611.5498,1822.04,60138.6489,E3,N,N
08/08/2018,22:00,15946.5586,2327.2969,3364.6968,1256.0635,20147.5684,10427.04,4634.6035,1837.6689,59941.4966,M,N,N
08/08/2018,23:00,14815.2646,2148.3037,3260.2305,1080.4045,18734.2988,9499.6602,4298.5244,1766.0264,55602.7131,A3,N,N
08/08/2018,23:00,14947.0967,2226.2886,3286.1448,1187.2385,18939.9063,9630.249,4362.3555,1742.5642,56321.8436,A6,N,N
08/08/2018,23:00,15114,2114.8501,3277.8,1173.3101,18721.0996,9595.2695,4363.3901,1808.47,56168.1894,E,Y,N
08/08/2018,23:00,15033.7998,2161.9199,3221.96,1221.37,18587.4004,9657.3604,4532.3999,1680.1801,56096.3905,E1,N,N
08/08/2018,23:00,14966.2998,2096.3999,3280.02,1208.29,18297.9004,9562.5801,4304.9399,1621.91,55338.3401,E2,N,N
08/08/2018,23:00,15043.2002,2139.1899,3256.3101,1167.0601,18940,9697.5703,4358.5601,1660.6,56262.4907,E3,N,N
08/08/2018,23:00,14986.6104,2147.8254,3263.7441,1172.9456,18703.4355,9607.1152,4370.0283,1713.2917,55964.9962,M,N,N
08/08/2018,24:00,13804.9502,1987.4558,3140.8989,1001.8392,17130.8145,8624.2764,3977.2314,1664.2181,51331.6845,A3,N,N
08/08/2018,24:00,13896.4053,2044.8173,3140.2366,1082.537,17367.0723,8709.5049,4026.2622,1646.85,51913.6856,A6,N,N
08/08/2018,24:00,14049,1947.91,3154.96,1068.46,17099.9004,8726.0195,4030.3401,1704.3199,51780.9099,E,Y,N
08/08/2018,24:00,13737.7998,1976.78,3036.9199,1118.35,16941.6992,8832.2695,4225.8901,1543.74,51413.4485,E1,N,N
08/08/2018,24:00,13960.5,1916.8199,3182.21,1114.52,16735,8708.4199,3989.1399,1496.26,51102.8697,E2,N,N
08/08/2018,24:00,13990.5,1962.42,3115.04,1071.04,17287.8008,8883.9297,4024.47,1549.64,51884.8405,E3,N,N
08/08/2018,24:00,13906.5254,1972.7004,3128.3777,1076.1244,17093.7148,8747.4033,4045.5557,1600.8381,51571.2398,M,N,N
08/09/2018,1:00,13098.7939,1822.2855,3069.7373,954.7601,16070.2979,7868.3081,3710.8848,1589.2444,48184.312,A3,N,N
08/09/2018,1:00,13089.9629,1905.7063,3087.2117,1053.9349,16386.3223,8051.9429,3755.4639,1644.2314,48974.7763,A6,N,N
08/09/2018,1:00,13143.9004,1826.15,3091.5701,945.795,15800.5,7979.8999,3755.4199,1630.03,48173.2653,E,Y,N
08/09/2018,1:00,12953.2002,1810.05,2955.46,1020.24,15465.2998,8151.6099,3961.72,1409.8,47727.3799,E1,N,N
08/09/2018,1:00,13131.2998,1767.74,3095.4399,1021.51,15284.7998,7983.73,3718.1201,1377.84,47380.4796,E2,N,N
08/09/2018,1:00,13134.5996,1806.0601,3029.3401,1008.25,15838.7998,8102.5,3751.8,1485.8,48157.1496,E3,N,N
08/09/2018,1:00,13091.9609,1822.9988,3054.7935,1000.7484,15807.6699,8022.999,3775.5684,1522.8243,48099.5632,M,N,N
08/09/2018,2:00,12521.8174,1714.5878,3001.2258,907.3564,14939.2676,7278.1709,3511.3799,1519.3578,45393.1636,A3,N,N
08/09/2018,2:00,12502.2275,1778.6855,3007.312,988.6836,15306.9521,7409.9854,3538.709,1577.8351,46110.3902,A6,N,N
08/09/2018,2:00,12446.7002,1715.4399,3017.95,819.346,14813.5,7398.2598,3543.0701,1567.52,45321.786,E,Y,N
08/09/2018,2:00,13566.2002,1712.46,2967.3101,954.732,14252.0996,7664.5898,3675.7,1308.7,46101.7917,E1,N,N
08/09/2018,2:00,12511.2002,1650.39,3022.6299,958.752,14314.5996,7392.4302,3517.0801,1299.52,44666.602,E2,N,N
08/09/2018,2:00,12418.2998,1698.77,2980.8799,946.89,14633.5,7551.6299,3552.9299,1420.84,45203.7395,E3,N,N
08/09/2018,2:00,12661.0752,1711.7224,2999.5513,929.2934,14709.9863,7449.1777,3556.4783,1448.9622,45466.2468,M,N,N
08/09/2018,3:00,12175.1064,1640.6667,2973.3667,875.3552,13973.1563,6919.8774,3376.5623,1440.4285,43374.5195,A3,N,N
08/09/2018,3:00,12165.3818,1702.77,2976.4763,942.1385,14315.3174,7062.0488,3396.3188,1501.6619,44062.1135,A6,N,N
08/09/2018,3:00,11953.7002,1676.08,2987.1001,781.36,14053.7998,6979.3198,3405.05,1490.17,43326.5799,E,Y,N
08/09/2018,3:00,12229.7002,1617.09,2867.8201,943.363,13492.7002,7149.8901,3555.95,1243.72,43100.2336,E1,N,N
08/09/2018,3:00,12106.2002,1582.91,2961.03,915.357,13578.2002,6978.1001,3385.1101,1228.62,42735.5276,E2,N,N
08/09/2018,3:00,11948.5996,1642.42,2927.8799,903.608,14159.5,7093.8501,3421.6201,1316.26,43413.7377,E3,N,N
08/09/2018,3:00,12096.4482,1643.6563,2948.9453,893.5303,13928.7793,7030.5146,3423.4351,1370.1434,43335.4525,M,N,N
08/09/2018,4:00,11954.043,1591.1594,2957.2954,856.5748,13401.6982,6704.5918,3275.1868,1395.1699,42135.7193,A3,N,N
08/09/2018,4:00,11921.5703,1651.7051,2980.4512,902.2081,13647.5713,6878.9048,3290.8101,1435.262,42708.4829,A6,N,N
08/09/2018,4:00,11690.4004,1639.84,2963.3899,750.288,13604.5996,6714.7598,3312.8,1453.0699,42129.1476,E,Y,N
08/09/2018,4:00,11975.5,1557.86,3080,878.528,12998.5,7001.5801,3424.95,1184.5,42101.4181,E1,N,N
08/09/2018,4:00,11859.5996,1547.4399,2926.6201,887.414,13284.7002,6700.2798,3271.1101,1191.5601,41668.7238,E2,N,N
08/09/2018,4:00,11666.0996,1589.21,2894.5,869.411,13630.7002,6889.5298,3322.99,1309.45,42171.8906,E3,N,N
08/09/2018,4:00,11844.5352,1596.2024,2967.0427,857.4041,13427.9629,6814.9409,3316.3081,1328.1687,42152.565,M,N,N
08/09/2018,5:00,11988.2021,1595.3265,2943.1389,851.2443,13301.9648,6695.5576,3254.3677,1361.1053,41990.9072,A3,N,N
08/09/2018,5:00,11935.083,1647.5571,2983.9905,885.3684,13521.3037,6879.772,3264.1262,1373.5342,42490.7351,A6,N,N
08/09/2018,5:00,11688.4004,1633.12,2968.45,710.983,13514.2002,6616.5098,3287.0901,1397.67,41816.4235,E,Y,N
08/09/2018,5:00,11968.4004,1537.04,2789.1201,854.331,12644.5996,6619.2598,3408.76,1176.08,40997.5909,E1,N,N
08/09/2018,5:00,11840.5,1545.66,2910.6201,873.838,13211.2002,6608.6699,3226.1001,1174.12,41390.7083,E2,N,N
08/09/2018,5:00,11669.7998,1569.5601,2882.8501,856.183,13549.5,6795.2798,3278.3799,1274.04,41875.5927,E3,N,N
08/09/2018,5:00,11848.3984,1588.0439,2913.0283,838.658,13290.4609,6702.5088,3286.4709,1292.7582,41760.3274,M,N,N
08/09/2018,6:00,12423.4258,1649.9996,2937.853,869.3733,13635.874,6924.0059,3319.5693,1385.681,43145.7819,A3,N,N
08/09/2018,6:00,12339.0059,1705.5957,2992.9443,897.1306,13830.7227,7077.4048,3333.8613,1383.7946,43560.4599,A6,N,N
08/09/2018,6:00,12070,1684.41,2959.8799,764.573,13893.7998,6796.9199,3338.0901,1403.21,42910.8827,E,Y,N
08/09/2018,6:00,12279.7998,1612.01,2659.0801,904.217,12981.0996,6801.48,3407.2,1226.22,41871.1065,E1,N,N
08/09/2018,6:00,12167.5,1604.88,2910.25,900.103,13653.9004,6779.6099,3278.71,1189.63,42484.5833,E2,N,N
08/09/2018,6:00,11960.7998,1625.5699,2885.9399,876.143,13796.5,6905.23,3348.77,1298.3,42697.2526,E3,N,N
08/09/2018,6:00,12206.7559,1647.0775,2890.9912,868.59,13631.9834,6880.7754,3337.7002,1314.4727,42778.3463,M,N,N
08/09/2018,7:00,12526.4092,1738.6108,2979.1716,897.0947,14353.7793,7181.2036,3459.792,1417.9333,44553.9945,A3,N,N
08/09/2018,7:00,12605.5146,1792.4525,3041.3525,916.6326,14590.3398,7356.9033,3481.55,1400.1874,45184.9327,A6,N,N
08/09/2018,7:00,12550.7998,1765.72,2988.53,783.545,14542.7002,7196.4199,3447.3401,1416.7,44691.755,E,Y,N
08/09/2018,7:00,12674,1703.55,2765.7,869.145,13748,7252.6001,3575.6201,1254.11,43842.7252,E1,N,N
08/09/2018,7:00,12557.5,1744.35,2932.3301,957.266,14355.0996,7192.8301,3442.3799,1239.47,44421.2257,E2,N,N
08/09/2018,7:00,12437.9004,1700.1,2896.1101,909.198,14306.7998,7221.6201,3480.2,1303.03,44254.9584,E3,N,N
08/09/2018,7:00,12558.6875,1740.7972,2933.8657,888.8135,14316.1201,7233.5967,3481.147,1338.5718,44491.5995,M,N,N
08/09/2018,8:00,12988.0518,1799.8817,2983.0342,930.8023,14198.8799,7444.6968,3500.6511,1433.1281,45279.1259,A3,N,N
08/09/2018,8:00,12938.4209,1828.6781,3056.2813,949.228,14456.6123,7610.6514,3486.5298,1410.0234,45736.4252,A6,N,N
08/09/2018,8:00,12719.5,1826.3,2996.6101,824.651,14805.0996,7315.46,3505.73,1446.66,45440.0107,E,Y,N
08/09/2018,8:00,13009.2998,1745.27,2895.3401,947.049,14080.9004,7326.79,3622.7,1275.3,44902.6493,E1,N,N
08/09/2018,8:00,12777.2002,1782.11,2950.52,966.405,14691.2998,7326.23,3472.76,1256.0699,45222.5949,E2,N,N
08/09/2018,8:00,12731.2002,1756.3199,2906.52,923.374,14523.4004,7350.5698,3490.4299,1341.02,45022.8342,E3,N,N
08/09/2018,8:00,12860.6133,1789.76,2964.7178,923.585,14459.3652,7395.7324,3513.1338,1360.3669,45267.2744,M,N,N
08/09/2018,9:00,13833.001,1900.9933,3027.1768,1002.7097,14860.3311,7749.002,3688.3804,1433.2544,47494.8487,A3,N,N
08/09/2018,9:00,13909.9229,1956.8391,3092.4492,1030.1572,15067.1855,7933.3096,3692.4956,1429.7019,48112.061,A6,N,N
08/09/2018,9:00,13460.2002,1900.14,3026.1299,920.485,15359.5996,7619.96,3690.3501,1458.03,47434.8948,E,Y,N
08/09/2018,9:00,13615.7002,1845.9399,2916.8501,1000.57,14524,7648.9199,3820.96,1304.05,46676.9901,E1,N,N
08/09/2018,9:00,13537.0996,1904.61,2991.1001,1012.75,15185.0996,7737.04,3578.0601,1294.36,47240.1194,E2,N,N
08/09/2018,9:00,13443,1854.5699,2961.8,984.094,15083.2002,7668.79,3710.28,1349.33,47055.0641,E3,N,N
08/09/2018,9:00,13633.1543,1893.8486,3002.5845,991.7944,15013.2383,7726.1709,3696.7544,1378.1211,47335.6665,M,N,N
08/09/2018,10:00,14731.4941,2019.546,3078.7832,1103.863,15724.4316,8236.6885,4010.4592,1465.0876,50370.3532,A3,N,N
08/09/2018,10:00,14893.4824,2125.5144,3152.5664,1138.7773,15821.2275,8366.5146,4039.9788,1472.0129,51010.0743,A6,N,N
08/09/2018,10:00,14512.7998,2053.8,3065.3799,999.25,16181.2002,8193.7002,4023.1299,1506.65,50535.91,E,Y,N
08/09/2018,10:00,14741.2998,2010.35,2976.99,1056.9301,15273.2002,8193.96,4130.4702,1344.9,49728.1003,E1,N,N
08/09/2018,10:00,14501.2998,2021.84,3077.1399,1086.55,15893.4004,8224.6299,3934.74,1365.37,50104.97,E2,N,N
08/09/2018,10:00,14476,2021.01,3026.0901,1091.85,15712.7998,8264.0303,4028.1201,1413.6899,50033.5902,E3,N,N
08/09/2018,10:00,14642.7295,2042.01,3062.8252,1079.5367,15767.7109,8246.5879,4027.8169,1427.9518,50297.1689,M,N,N
08/09/2018,11:00,15812.543,2149.8386,3155.3013,1169.0443,16640.373,8844.4766,4365.5566,1520.2404,53657.3738,A3,N,N
08/09/2018,11:00,16003.1914,2254.0496,3232.0754,1211.929,16778.9668,9001.6318,4388.3384,1537.5973,54407.7797,A6,N,N
08/09/2018,11:00,15631.7002,2232.48,3150.24,1108.8,17219.5996,8885.4004,4360.71,1586.41,54175.3402,E,Y,N
08/09/2018,11:00,15910.5,2135.3799,3153.01,1152.49,16439.0996,8934.7803,4463.5,1396.71,53585.4698,E1,N,N
08/09/2018,11:00,15768,2168.6299,3160.8899,1157.71,16842.9004,8886.2305,4364.9399,1439.36,53788.6606,E2,N,N
08/09/2018,11:00,15611.5996,2116.54,3113.99,1170.85,16876.9004,8922.3301,4347.9102,1528.52,53688.6403,E3,N,N
08/09/2018,11:00,15789.5898,2176.1531,3160.9177,1161.804,16799.6406,8912.4756,4381.8262,1501.4729,53883.8799,M,N,N
08/09/2018,12:00,16690.1543,2252.8037,3238.6389,1211.6082,17516.2461,9423.5166,4662.6328,1581.7096,56577.3102,A3,N,N
08/09/2018,12:00,16905.8203,2387.6787,3310.189,1267.4492,17636.6953,9575.5615,4662.6509,1612.079,57358.1239,A6,N,N
08/09/2018,12:00,16648.8008,2338.25,3241.1101,1121.3,18196.6992,9583.71,4684.6899,1610.23,57424.79,E,Y,N
08/09/2018,12:00,16836.3008,2299.76,3213.71,1178.97,17564.6992,9665.1299,4808.79,1534.09,57101.4499,E1,N,N
08/09/2018,12:00,16789.4004,2294.8101,3253.03,1222.9301,17807.5,9632.79,4690.9102,1529.09,57220.4608,E2,N,N
08/09/2018,12:00,16613.5996,2272.54,3206.1101,1223.33,17801.5,9560.4805,4692.1699,1558.03,56927.7601,E3,N,N
08/09/2018,12:00,16747.3457,2307.6404,3243.7983,1204.2645,17753.8906,9573.5313,4700.3076,1570.8713,57101.6497,M,N,N
08/09/2018,13:00,17296.9785,2348.063,3302.4646,1265.2961,18318.8711,9939.0039,4912.1279,1660.3616,59043.1667,A3,N,N
08/09/2018,13:00,17474.582,2493.4236,3369.3401,1327.3182,18447.1289,10007.2695,4932.2563,1700.4965,59751.8151,A6,N,N
08/09/2018,13:00,17435.1992,2447.52,3306.24,1224.42,19153.3008,10249.2002,4962.4199,1682.73,60461.0301,E,Y,N
08/09/2018,13:00,17711.0996,2397.0901,3163.4199,1265.4,18868.0996,10270.0996,5107.9102,1605.77,60388.889,E1,N,N
08/09/2018,13:00,17491.5996,2414.97,3336.54,1286.12,18857.5,10301.2002,4999.8301,1609.64,60297.3999,E2,N,N
08/09/2018,13:00,17449.0996,2374.1699,3294.48,1294.04,18567,10151.5,4950.5298,1657.88,59738.6993,E3,N,N
08/09/2018,13:00,17476.4258,2412.5396,3295.4143,1277.0991,18701.9844,10153.0459,4977.5127,1652.813,59946.8348,M,N,N
08/09/2018,14:00,17746.5586,2439.6702,3353.8713,1306.1321,19208.0898,10602.1299,5110.0469,1744.7996,61511.2984,A3,N,N
08/09/2018,14:00,17879.9902,2609.8003,3406.8423,1371.8403,19320.0313,10807.0771,5110.0439,1805.6353,62311.2607,A6,N,N
08/09/2018,14:00,18119.8008,2537.0801,3367.6799,1309.01,20114.5,10858.7002,5230.79,1758.3,63295.861,E,Y,N
08/09/2018,14:00,18305.4004,2543.23,3335.25,1325.16,20027.3008,10933.7998,5352.0298,1683.7,63505.8708,E1,N,N
08/09/2018,14:00,18129.1992,2536.27,3423.99,1348.65,19690.3008,10911.7002,5229.48,1692.33,62961.9202,E2,N,N
08/09/2018,14:00,17940.5,2488.8799,3367.3101,1356.1,19777.1992,10783.2998,5190.2402,1749.33,62652.8592,E3,N,N
08/09/2018,14:00,18020.2422,2525.8215,3375.8242,1336.1487,19689.5703,10816.1172,5203.772,1739.0159,62706.512,M,N,N
08/09/2018,15:00,18219.834,2504.3198,3434.7856,1331.0265,20196.9336,11133.25,5330.2324,1789.0717,63939.4536,A3,N,N
08/09/2018,15:00,18588.6719,2712.6033,3468.355,1405.8929,20268.6738,11165.7158,5245.1758,1859.701,64714.7895,A6,N,N
08/09/2018,15:00,18604.0996,2578.76,3417.99,1364.1,20816.4004,11353.2998,5382.23,1814.5601,65331.4399,E,Y,N
08/09/2018,15:00,18958.6992,2627.75,3444.73,1422.67,20445.9004,11538.2002,5503.0698,1789.11,65730.1296,E1,N,N
08/09/2018,15:00,18480.4004,2616.3,3479.8999,1399.45,20532.3008,11389.9004,5360.52,1761.12,65019.8915,E2,N,N
08/09/2018,15:00,18442.6992,2555.4299,3370.27,1414.46,20507.8008,11268.7002,5372.0498,1848.49,64779.8999,E3,N,N
08/09/2018,15:00,18549.0684,2599.1938,3436.0051,1389.6,20461.3359,11308.1777,5365.5464,1810.3422,64919.2695,M,N,N
08/09/2018,16:00,18273.127,2521.865,3461.0237,1348.5477,20685.5,11543.6924,5441.021,1818.321,65093.0978,A3,N,N
08/09/2018,16:00,18486.1914,2770.2126,3478.5457,1419.0973,20777.7617,11535.5859,5385.7588,1894.4147,65747.5681,A6,N,N
08/09/2018,16:00,18799,2604.0601,3434.8601,1375.41,21201.3008,11666.2998,5425.4199,1838.12,66344.4707,E,Y,N
08/09/2018,16:00,19072.6992,2669.01,3398.9399,1461.89,21070.6992,11778.5996,5589.5601,1832.08,66873.478,E1,N,N
08/09/2018,16:00,18631.9004,2644.0701,3495.8301,1427.53,20921.0996,11708.0996,5429.6401,1803.29,66061.4599,E2,N,N
08/09/2018,16:00,18523.6992,2592.1699,3428.8101,1444.41,21100.4004,11634.0996,5452.1401,1860.42,66036.1493,E3,N,N
08/09/2018,16:00,18631.1035,2633.5645,3449.6685,1412.8141,20959.4609,11644.3965,5453.9233,1841.1077,66026.039,M,N,N
08/09/2018,17:00,17966.9688,2531.155,3481.6824,1373.4697,20934.8516,11826.749,5417.335,1817.9845,65350.196,A3,N,N
08/09/2018,17:00,18308.0566,2764.3633,3499.8635,1440.327,20882.7031,11845.1299,5334.4209,1898.0721,65972.9364,A6,N,N
08/09/2018,17:00,18780.3008,2595.5701,3442.3701,1484.73,21322.8008,11796.5,5393.8799,1851.84,66667.9917,E,Y,N
08/09/2018,17:00,19005.1992,2690.4299,3472.1599,1490.38,21639.6992,11920.4004,5619.2002,1866.88,67704.3488,E1,N,N
08/09/2018,17:00,18398.5,2646.8501,3499.05,1446.4301,21127.0996,11887.0996,5417.3501,1815.86,66238.2395,E2,N,N
08/09/2018,17:00,18429.1992,2615.4099,3421.23,1471.48,21164.6992,11700.7002,5430.52,1885.2,66118.4385,E3,N,N
08/09/2018,17:00,18481.3711,2640.6296,3469.3928,1451.1362,21178.6426,11829.4297,5435.4512,1855.9727,66342.0259,M,N,N
08/09/2018,18:00,17567.4727,2535.2754,3473.1465,1365.9869,21215.041,11907.6553,5325.4404,1849.9639,65239.9821,A3,N,N
08/09/2018,18:00,17826.8652,2765.7229,3482.9895,1431.391,21083.5527,12052.6602,5273.7974,1912.8682,65829.8471,A6,N,N
08/09/2018,18:00,18481.5,2555.1699,3433.6299,1467.83,21148.6992,11807.5,5336.29,1843.41,66074.029,E,Y,N
08/09/2018,18:00,18722.5,2667.5601,3284.8501,1461.4,21553.8008,11962.7998,5492.9502,1862.5699,67008.4309,E1,N,N
08/09/2018,18:00,18042.5996,2601.8601,3476.73,1440.85,21132,11934,5291.6699,1792.8101,65712.5197,E2,N,N
08/09/2018,18:00,18115.6992,2521.99,3425.25,1466.85,21268.8008,11853.7998,5318.1401,1874.3101,65844.84,E3,N,N
08/09/2018,18:00,18126.1074,2607.9297,3429.4329,1439.0514,21233.6504,11919.7363,5339.7148,1855.9888,65951.6117,M,N,N
08/09/2018,19:00,16867.459,2429.9087,3450.5046,1319.4628,20420.1582,11846.8018,5152.0869,1819.8273,63306.2093,A3,N,N
08/09/2018,19:00,17106.8613,2688.5742,3454.7126,1373.3938,20440.709,11932.4893,5157.6187,1885.3435,64039.7024,A6,N,N
08/09/2018,19:00,17788.4004,2513.77,3397.1699,1406.04,20712.1992,11640.0996,5180.3799,1822.88,64460.939,E,Y,N
08/09/2018,19:00,17966.9004,2581.3999,3412.54,1442.36,20899.0996,11827.9004,5385.7798,1826.65,65342.6301,E1,N,N
08/09/2018,19:00,17541.8008,2522.2,3432.8501,1398.17,20586.5996,11788.0996,5128.8501,1751.2,64149.7702,E2,N,N
08/09/2018,19:00,17574.4004,2438.0901,3409.6299,1415.97,21034.5,11679.7002,5171.1401,1846.9301,64570.3608,E3,N,N
08/09/2018,19:00,17474.3047,2528.9907,3426.2346,1392.5662,20682.2109,11785.8496,5195.9756,1825.4719,64311.6042,M,N,N
08/09/2018,20:00,16338.4258,2307.6848,3440.7065,1240.0243,19492.9023,11327.5342,4913.2803,1787.9213,60848.4795,A3,N,N
08/09/2018,20:00,16602.9531,2560.6821,3457.3398,1285.6528,19535.4492,11365.1855,4972.8027,1850.8539,61630.9191,A6,N,N
08/09/2018,20:00,17155.3008,2408.21,3362.8799,1315.98,19985.4004,11213.5996,4977.9399,1779.4399,62198.7505,E,Y,N
08/09/2018,20:00,17312.5,2437.3201,3333.3301,1371.6801,20487,11332.2998,5165.1899,1753.21,63192.53,E1,N,N
08/09/2018,20:00,16900.8008,2396.04,3366.5801,1325.46,19904.8008,11374.7002,4928.9502,1695.71,61893.0421,E2,N,N
08/09/2018,20:00,16990.5,2350.73,3367.6201,1337.59,20312,11250.5996,4971.1602,1775.14,62355.3399,E3,N,N
08/09/2018,20:00,16883.4141,2410.1113,3388.0762,1312.7312,19952.9277,11310.6533,4988.2207,1773.7126,62019.8471,M,N,N
08/09/2018,21:00,16073.6611,2252.0745,3380.1282,1177.2411,18481.1348,10850.6729,4762.0054,1717.4144,58694.3324,A3,N,N
08/09/2018,21:00,16284.6357,2476.3828,3382.8237,1219.1823,18668.9609,10886.7451,4821.4873,1775.7595,59515.9773,A6,N,N
08/09/2018,21:00,16808.4004,2367.6201,3302.1399,1249.5601,19435.5,10852,4830.7998,1728.8199,60574.8402,E,Y,N
08/09/2018,21:00,17060.4004,2395.79,3253.1499,1302.61,19886.8008,10924.0996,5051.4199,1688.27,61562.5406,E1,N,N
08/09/2018,21:00,16553.1992,2343.5801,3308.6599,1284.9,19457.4004,10964.7998,4787.8198,1652.39,60352.7492,E2,N,N
08/09/2018,21:00,16680.0996,2323.46,3347.6399,1272.95,19342.1992,10846.4004,4820.1899,1706.72,60339.659,E3,N,N
08/09/2018,21:00,16576.7344,2359.8179,3329.0903,1251.074,19212,10887.4531,4845.6201,1711.5624,60173.3522,M,N,N
08/09/2018,22:00,15726.6904,2155.4717,3312.6443,1136.564,17559.8027,10405.3711,4649.1831,1670.2542,56615.9815,A3,N,N
08/09/2018,22:00,15861.9609,2360.0408,3303.1396,1170.8617,17754.502,10497.0479,4708.3018,1722.7042,57378.5589,A6,N,N
08/09/2018,22:00,16195.2002,2285.95,3245.8401,1200.71,18788,10385,4686.1899,1739.78,58526.6702,E,Y,N
08/09/2018,22:00,16547.8008,2288.95,3145.23,1247.51,18857.1992,10531.5996,4908.0801,1656.39,59182.7597,E1,N,N
08/09/2018,22:00,16018.7002,2262.73,3255.6599,1242.13,18733.6992,10445.9004,4714.3999,1603.83,58277.0496,E2,N,N
08/09/2018,22:00,16085.2998,2226.8999,3263.25,1229.26,18810.0996,10503.2002,4681.5,1675.76,58475.2695,E3,N,N
08/09/2018,22:00,16072.6094,2263.3406,3254.2939,1204.506,18417.2188,10461.3535,4724.6094,1678.1198,58076.0514,M,N,N
08/09/2018,23:00,14873.5195,2016.0911,3183.4465,1075.0017,16253.2148,9553.7734,4373.1304,1578.1169,52906.2943,A3,N,N
08/09/2018,23:00,14978.834,2188.3662,3171.3079,1089.8729,16399.6152,9632.9326,4434.5649,1623.9435,53519.4372,A6,N,N
08/09/2018,23:00,15247.5,2129.78,3123.6799,1120.4399,17358.4004,9595.9297,4419.0601,1639.9301,54634.7201,E,Y,N
08/09/2018,23:00,15082.2998,2089.3899,3154.1299,1196.86,17152.8008,9565.9902,4610.3501,1501.14,54352.9607,E1,N,N
08/09/2018,23:00,15167.5,2081.6599,3137.9099,1170.7,17233,9623.04,4440.46,1493.4301,54347.6999,E2,N,N
08/09/2018,23:00,15080.2002,2046.12,3169.8999,1165.1899,17550.3008,9711.5195,4418.6899,1531.5,54673.4202,E3,N,N
08/09/2018,23:00,15071.6426,2091.9014,3156.7288,1136.3441,16991.2227,9613.8643,4449.376,1561.3435,54072.4234,M,N,N
08/09/2018,24:00,13884.2412,1856.7148,3045.9097,1006.0043,14957.25,8720.0146,4053.2217,1499.4307,49022.787,A3,N,N
08/09/2018,24:00,13916.4355,2017.374,3027.2134,1000.8542,15110.3623,8817.6094,4112.3872,1536.7246,49538.9606,A6,N,N
08/09/2018,24:00,14244.9004,1957.88,3002.3501,1023.29,15796.2998,8733.4102,4104.9199,1515.28,50378.3304,E,Y,N
08/09/2018,24:00,13772.5996,1903.99,2963.0801,1087.97,15678.0996,8738.6904,4302.2002,1348.35,49794.9799,E1,N,N
08/09/2018,24:00,14202.4004,1903.09,3054.7,1077.23,15724.7998,8746.1201,4094.71,1373.9301,50176.9804,E2,N,N
08/09/2018,24:00,14109.9004,1875.53,3032.47,1062.64,16066.7998,8894.0303,4106.6099,1427.75,50575.7304,E3,N,N
08/09/2018,24:00,14021.748,1919.0966,3020.9539,1042.9982,15555.6016,8774.9785,4129.0083,1450.2443,49914.6294,M,N,N
08/10/2018,1:00,13092.0439,1712.0653,2964.2043,948.8787,13809.0615,7964.2114,3757.0833,1445.8729,45693.4213,A3,N,N
08/10/2018,1:00,13109.3125,1863.4861,2971.1199,954.068,14129.8184,8093.0093,3817.3296,1548.1445,46486.2883,A6,N,N
08/10/2018,1:00,13392.9004,1815.42,2956.6101,955.112,14531,7963.3301,3837.3899,1393.4,46845.1625,E,N,N
08/10/2018,1:00,12994.5996,1718.09,2886.6899,995.018,14375.7002,8035.9399,4036.21,1216.25,46258.4976,E1,N,N
08/10/2018,1:00,13308.7998,1736.01,2993.0701,997.108,14364,7967.3999,3791.24,1268.8,46426.4278,E2,N,N
08/10/2018,1:00,13282.9004,1735.79,2946.6699,1003.54,14673.9004,8116.3901,3845.4099,1342.02,46946.6207,E3,N,N
08/10/2018,1:00,13196.7598,1763.4771,2953.0605,975.6208,14313.9141,8023.3799,3847.4436,1369.0813,46442.7371,M,Y,N
08/10/2018,2:00,12549.4102,1611.9634,2896.1111,904.066,12937.9561,7393.7017,3541.8743,1377.3252,43212.408,A3,N,N
08/10/2018,2:00,12637.2959,1735.75,2891.0562,898.1429,13245.8184,7451.4185,3594.1914,1478.8883,43932.5616,A6,N,N
08/10/2018,2:00,12707.7002,1692.1801,2886.9099,858.955,13540,7380.8999,3627.1399,1303.4399,43997.2249,E,N,N
08/10/2018,2:00,13679.9004,1593.53,2854.6799,926.446,13387,7515.1299,3745.75,1163.75,44866.1862,E1,N,N
08/10/2018,2:00,12646.7998,1592.71,2939.1799,940.548,13446.5,7379.4502,3583.26,1211.4,43739.8479,E2,N,N
08/10/2018,2:00,12619,1647.77,2898.5601,945.839,13497.9004,7537.2002,3638.3999,1262.53,44047.1996,E3,N,N
08/10/2018,2:00,12806.6846,1645.6506,2894.4163,912.3328,13342.5313,7442.9668,3621.769,1299.5555,43965.9069,M,Y,N
08/10/2018,3:00,12101.999,1552.772,2877.3406,876.7,12271.2383,7006.5796,3382.0127,1310.886,41379.5282,A3,N,N
08/10/2018,3:00,12211.7871,1668.5975,2857.9326,862.4839,12501.6387,7106.5215,3422.5085,1408.5892,42040.059,A6,N,N
08/10/2018,3:00,12228.5,1664.92,2874.8201,832.321,12792.2002,6948.7402,3476.3701,1208.67,42026.5416,E,N,N
08/10/2018,3:00,12286.5,1519.51,2838.53,893.635,12475.0996,7027.23,3571.0601,1073.11,41684.6747,E1,N,N
08/10/2018,3:00,12238.0996,1566.65,2911.0901,907.271,12615.5996,6962.0801,3426.3401,1160.04,41787.1705,E2,N,N
08/10/2018,3:00,12074,1577.83,2853.03,910.209,12980.2998,7095.6499,3489.1599,1218.6,42198.7786,E3,N,N
08/10/2018,3:00,12190.1475,1591.7134,2868.7905,880.4366,12606.0137,7024.4673,3461.2419,1229.9825,41852.7934,M,Y,N
08/10/2018,4:00,11918.8066,1519.8755,2854.5796,856.9279,11848.2715,6773.4365,3288.0742,1270.319,40330.2908,A3,N,N
08/10/2018,4:00,12079.7705,1617.6431,2851.9502,828.0931,11987.9863,6836.0103,3321.8896,1345.5812,40868.9243,A6,N,N
08/10/2018,4:00,11967,1627.55,2855.0801,826.629,12400.0996,6698.8398,3374.9199,1155.76,40905.8784,E,N,N
08/10/2018,4:00,12050.5996,1473.51,2860.53,874.111,11949.7998,6799.4302,3455.0601,1026.89,40489.9307,E1,N,N
08/10/2018,4:00,12009.9004,1541.0601,2884.21,884.13,12324.0996,6695.9102,3312.03,1122.34,40773.6803,E2,N,N
08/10/2018,4:00,11830.5,1535.61,2838.4199,877.331,12356.5996,6850.5498,3398.46,1165.87,40853.3403,E3,N,N
08/10/2018,4:00,11976.0967,1552.5415,2857.4617,857.8704,12144.4766,6775.6968,3358.4058,1181.1267,40703.6762,M,Y,N
08/10/2018,5:00,11915.7471,1518.5552,2843.0759,851.267,11862.6162,6683.1689,3252.6045,1249.377,40176.4118,A3,N,N
08/10/2018,5:00,12000.7578,1608.8647,2848.1272,816.5862,11940.5166,6714.0029,3295.2766,1288.7539,40512.8859,A6,N,N
08/10/2018,5:00,11954.7998,1615.67,2867.49,774.213,12338.7002,6614.1499,3332.4199,1115.16,40612.6028,E,N,N
08/10/2018,5:00,11914.2998,1451.55,2838.99,856.772,11850,6533.8198,3438.3401,1027.62,39911.3917,E1,N,N
08/10/2018,5:00,11983.9004,1524.96,2878.8501,871.02,12246.7002,6607.7202,3264.5,1110.49,40488.1409,E2,N,N
08/10/2018,5:00,11778.9004,1513.15,2821.8999,859.971,12419.9004,6768.54,3335.3601,1146.11,40643.8318,E3,N,N
08/10/2018,5:00,11924.7344,1538.7917,2849.739,838.3049,12109.7393,6653.5674,3319.7502,1156.2518,40390.8787,M,Y,N
08/10/2018,6:00,12339.3574,1581.5769,2844.219,862.9423,12278.7793,6913.9463,3323.1423,1272.184,41416.1475,A3,N,N
08/10/2018,6:00,12385.5488,1663.1746,2851.4214,831.1376,12306.3545,6986.7275,3364.9636,1297.6901,41687.0181,A6,N,N
08/10/2018,6:00,12297.0996,1680.9,2866.6799,835.851,12741.7002,6795.29,3389.0701,1117.09,41723.6808,E,N,N
08/10/2018,6:00,12280.0996,1536.66,2841.51,875.229,12243.2998,6708.5,3435,1050.91,40971.2084,E1,N,N
08/10/2018,6:00,12270.9004,1598.09,2882.03,898.813,12720.5996,6780.52,3314.77,1117.6899,41583.4129,E2,N,N
08/10/2018,6:00,12020.7998,1568.29,2832.97,879.928,12723.2998,6885.77,3384.7,1169.49,41465.2476,E3,N,N
08/10/2018,6:00,12265.6348,1604.7821,2853.1384,863.9835,12502.3389,6845.1255,3368.6077,1170.8424,41474.4533,M,Y,N
08/10/2018,7:00,12580.3213,1672.9957,2873.5549,900.2664,12978.5244,7236.5234,3447.2378,1310.6727,43000.0966,A3,N,N
08/10/2018,7:00,12894.0918,1752.288,2899.9814,872.0883,13013.791,7284.1289,3466.1917,1317.4261,43499.9872,A6,N,N
08/10/2018,7:00,12745.5996,1750.13,2914.27,853.142,13482.5,7186.3301,3503.8501,1160.01,43595.8318,E,N,N
08/10/2018,7:00,12624.2002,1654.73,2878.8201,928.436,13192,7156.8701,3549.6001,1118.75,43103.4065,E1,N,N
08/10/2018,7:00,12628.7998,1733.4399,2918.4199,957.25,13487.5,7180.9199,3470.1499,1160.85,43537.3294,E2,N,N
08/10/2018,7:00,12416.5996,1653.85,2830.53,913.105,13446.2002,7174.4302,3511.7,1175.89,43122.305,E3,N,N
08/10/2018,7:00,12648.2686,1702.9055,2885.9292,904.048,13266.7529,7203.2012,3491.4551,1207.2665,43309.827,M,Y,N
08/10/2018,8:00,12838.2246,1710.5688,2868.3857,925.5539,13025.1025,7329.0044,3468.2717,1315.7239,43480.8355,A3,N,N
08/10/2018,8:00,12914.001,1792.3612,2895.4646,894.1906,13053.7197,7371.9863,3480.3928,1321.4926,43723.6088,A6,N,N
08/10/2018,8:00,12915.0996,1835.55,2932.9299,888.728,13868.5,7311.5298,3534.75,1222.45,44509.5373,E,N,N
08/10/2018,8:00,12994.9004,1687.22,2878.4399,930.531,13454.2002,7272.9502,3644.8899,1125.23,43988.3616,E1,N,N
08/10/2018,8:00,12872.0996,1782.75,2941.49,972.005,13852.7002,7322.0298,3500.9399,1202.16,44446.1745,E2,N,N
08/10/2018,8:00,12745.0996,1699.65,2809.4199,931.398,13672.5996,7278.4902,3534.3501,1190.92,43861.9274,E3,N,N
08/10/2018,8:00,12879.9043,1751.3501,2887.6882,923.7345,13487.8037,7314.332,3527.2659,1229.6627,44001.7414,M,Y,N
08/10/2018,9:00,13638.8984,1815.1865,2927.6606,988.8602,13731.3037,7591.8652,3668.9568,1326.5001,45689.2315,A3,N,N
08/10/2018,9:00,13810.8135,1899.3699,2950.7456,970.6014,13807.6455,7628.7461,3702.7498,1338.3206,46108.9924,A6,N,N
08/10/2018,9:00,13667.9004,1881.2,2957.3101,991.471,14491.9004,7592.3799,3748.53,1251.83,46582.5218,E,N,N
08/10/2018,9:00,13776.7998,1785.9301,2893.53,1008.34,14089.5,7538.75,3850.74,1140.99,46084.5799,E1,N,N
08/10/2018,9:00,13589.0996,1894.49,2965,1036.16,14523.9004,7726.8901,3629.5,1252.12,46617.1601,E2,N,N
08/10/2018,9:00,13537.7002,1789.25,2884.0601,1008.4,14538.7998,7603.6201,3759.46,1233.47,46354.7602,E3,N,N
08/10/2018,9:00,13670.2012,1844.2379,2929.7178,1000.6388,14197.1758,7613.7085,3726.6563,1257.2052,46239.5415,M,Y,N
08/10/2018,10:00,14550.999,1939.9138,2984.6567,1092.0067,14643.5234,8094.8042,4000.4434,1357.0165,48663.3637,A3,N,N
08/10/2018,10:00,14729.2705,2031.907,3017.502,1085.1282,14680.7783,8167.4902,4103.0566,1388.4204,49203.5532,A6,N,N
08/10/2018,10:00,14747.5996,2029.59,2998.1499,1099.1801,15464.0996,8154.6401,4080.3601,1327.79,49901.4094,E,N,N
08/10/2018,10:00,14695.7998,1918.11,2964.8899,1126.51,14996.7998,8149.9502,4153.4199,1174.62,49180.0996,E1,N,N
08/10/2018,10:00,14608.2998,1996.25,3035.21,1131.9399,15474.7998,8211.8896,4005.52,1314.7,49778.6091,E2,N,N
08/10/2018,10:00,14463.2998,1932.13,2946,1136.8199,15424,8202.96,4081.47,1323.9,49510.5797,E3,N,N
08/10/2018,10:00,14632.5449,1974.6501,2991.0681,1111.9309,15114.001,8163.6226,4070.7119,1314.4078,49372.9373,M,Y,N
08/10/2018,11:00,15531.96,2066.0469,3071.688,1166.5488,15476.8086,8711.3389,4376.7065,1415.4246,51816.5223,A3,N,N
08/10/2018,11:00,15787.1016,2158.1001,3104.2014,1154.6156,15564.9951,8877.2666,4461.9404,1455.7228,52563.9436,A6,N,N
08/10/2018,11:00,15861.7998,2182.9099,3076.03,1203.8101,16762.9004,8785.1602,4414.1401,1415.35,53702.1005,E,N,N
08/10/2018,11:00,15889.7998,2023.74,3034.3999,1208.55,15997.9004,8805.0596,4501.21,1241.99,52702.6497,E1,N,N
08/10/2018,11:00,15941.7998,2117.6001,3105.95,1217.1801,16704.6992,8853.2598,4487.5698,1369.34,53797.3988,E2,N,N
08/10/2018,11:00,15654.7998,2033.1801,3012.5801,1225.51,16787.6992,8789.3301,4396.8501,1367.42,53267.3694,E3,N,N
08/10/2018,11:00,15777.877,2096.9297,3067.4751,1196.0358,16215.835,8803.5693,4439.7363,1377.5413,52974.9995,M,Y,N
08/10/2018,12:00,16479.4004,2151.7185,3162.853,1219.2144,16280.4404,9295.0889,4684.8281,1473.4351,54746.9788,A3,N,N
08/10/2018,12:00,16810.7012,2294.4119,3190.4468,1206.4626,16465.9629,9398.9688,4736.7983,1527.0148,55630.7673,A6,N,N
08/10/2018,12:00,16854.8008,2270.8401,3159.1101,1279.73,17926.9004,9424.9297,4733.5,1479.17,57128.9811,E,N,N
08/10/2018,12:00,16776.3008,2135.6799,3089.8999,1274.23,17356.4004,9430.5098,4841.9502,1367.8199,56272.7909,E1,N,N
08/10/2018,12:00,16909.9004,2230.1101,3174.49,1299.6899,17966.5996,9537.3701,4810.79,1442.1,57371.0501,E2,N,N
08/10/2018,12:00,16556.5996,2152.8899,3105.55,1292.8,17875.1992,9360.6797,4741.5601,1480.76,56566.0385,E3,N,N
08/10/2018,12:00,16731.2852,2205.9419,3147.0586,1262.0212,17311.918,9407.9248,4758.2378,1461.7167,56286.1042,M,Y,N
08/10/2018,13:00,17051.3242,2240.5037,3214.9751,1279.0017,16981.7793,9810.6162,4969.5601,1546.3634,57094.1237,A3,N,N
08/10/2018,13:00,17401.3301,2402.2168,3257.4675,1265.7865,17251.5977,9842.75,4981.0615,1621.032,58023.2421,A6,N,N
08/10/2018,13:00,17604.1992,2360.71,3216.6001,1342.87,18962,10043,5024.9502,1559.7,60114.0295,E,N,N
08/10/2018,13:00,17591.8008,2240.1899,3123.8301,1339.04,18648.0996,10145.7998,5137.2202,1435.63,59661.6104,E1,N,N
08/10/2018,13:00,17568.3008,2330.4099,3244.8301,1369.7,19187.6992,10167.9004,5098.6899,1505.53,60473.0603,E2,N,N
08/10/2018,13:00,17313.1992,2258.52,3176.99,1365.76,18861.9004,9949.75,5025.6699,1525.36,59477.1495,E3,N,N
08/10/2018,13:00,17421.6934,2305.425,3205.7825,1327.0264,18315.5137,9993.3037,5039.5254,1532.2692,59140.5393,M,Y,N
08/10/2018,14:00,17476.3652,2325.2639,3259.5461,1344.8207,17710.3965,10381.1719,5219.064,1625.2424,59341.8707,A3,N,N
08/10/2018,14:00,17575.2422,2503.2632,3305.5098,1319.369,17567.8066,10510.2256,5209.3652,1723.4312,59714.2128,A6,N,N
08/10/2018,14:00,18241.8008,2442.52,3255.8501,1407.1801,19891.6992,10609.7002,5255.5098,1648.98,62753.2402,E,N,N
08/10/2018,14:00,18195.3008,2367.22,3209.78,1409.97,19985.0996,10726,5390.8301,1526.2,62810.4005,E1,N,N
08/10/2018,14:00,18175.3008,2436.97,3309.27,1435.15,20170.5,10741.7998,5321.2998,1561.8199,63152.1103,E2,N,N
08/10/2018,14:00,17882,2356.03,3246.3701,1426.1,20038.9004,10544.7998,5268.0098,1630.8101,62393.0202,E3,N,N
08/10/2018,14:00,17924.3359,2405.2112,3264.3879,1390.4316,19227.4004,10585.6162,5277.3462,1619.4141,61694.1435,M,Y,N
08/10/2018,15:00,17748.4238,2383.5808,3321.4873,1394.9128,17897.1074,10875.1631,5466.3896,1666.5796,60753.6444,A3,N,N
08/10/2018,15:00,18092.1465,2589.6287,3352.6399,1367.9706,18396.418,10846.0928,5374.7783,1771.975,61791.6498,A6,N,N
08/10/2018,15:00,18676.5996,2481.3501,3297.49,1449.0601,20555.5,11079.0996,5412.8701,1696.88,64648.8495,E,N,N
08/10/2018,15:00,18889,2427.9099,3273.6399,1470.53,20444.6992,11311.7998,5547.8901,1587.21,64952.6789,E1,N,N
08/10/2018,15:00,18531.5,2509.1699,3351.51,1489.63,20759.5,11197.2002,5441.8999,1613.92,64894.33,E2,N,N
08/10/2018,15:00,18330.1992,2410.8999,3243.0601,1482.9301,20688.5996,10954.7998,5434.3599,1682.14,64226.9886,E3,N,N
08/10/2018,15:00,18377.9785,2467.0901,3306.6379,1442.5056,19790.3047,11044.0264,5446.3647,1669.7842,63544.6921,M,Y,N
08/10/2018,16:00,18305.5371,2407.6711,3357.4812,1414.0063,18397.3418,11269.8076,5479.0259,1671.0502,62301.9212,A3,N,N
08/10/2018,16:00,18620.5234,2648.5479,3344.2888,1389.2222,18965.4238,11212.6367,5399.1953,1791.573,63371.4111,A6,N,N
08/10/2018,16:00,18797.6992,2482.5,3306.5801,1478.11,20832.3008,11366.9004,5450.0601,1729.85,65444.0006,E,N,N
08/10/2018,16:00,19016.6992,2485.9099,3272.3899,1499.41,20566.6992,11580.0996,5645.71,1621.9,65688.8178,E1,N,N
08/10/2018,16:00,18548.5,2518.98,3364.52,1517.3,21053.8008,11479.2998,5489.8701,1650.05,65622.3207,E2,N,N
08/10/2018,16:00,18304,2452.45,3298.22,1510.7,20910.1992,11286.2002,5477.6299,1707.75,64947.1493,E3,N,N
08/10/2018,16:00,18598.8281,2499.3433,3323.9133,1468.1248,20120.9609,11365.8242,5490.249,1695.3623,64562.6059,M,Y,N
08/10/2018,17:00,17956.7637,2395.4648,3393.1467,1455.7596,18162.9238,11537.5684,5499.6875,1666.8138,62068.1283,A3,N,N
08/10/2018,17:00,18069.3984,2555.5645,3348.3828,1416.5579,18608.2852,11459.9375,5417.1411,1801.3943,62676.6617,A6,N,N
08/10/2018,17:00,18675.6992,2481.95,3305.3899,1510.3,20812,11461.5,5406.5298,1732.0601,65385.429,E,N,N
08/10/2018,17:00,18933.5,2457.0601,3291.4099,1504.14,21119.8008,11767.5996,5667.1099,1693.34,66433.9603,E1,N,N
08/10/2018,17:00,18307.1992,2515.72,3364.3701,1527.3199,21241,11640.7002,5453.27,1655.02,65704.5994,E2,N,N
08/10/2018,17:00,18152.0996,2449.6101,3289.9399,1532.78,20943.5,11349.0996,5436.7798,1677.39,64831.199,E3,N,N
08/10/2018,17:00,18349.1113,2475.8948,3332.1069,1491.1429,20147.9199,11536.0674,5480.0864,1704.3364,64516.666,M,Y,N
08/10/2018,18:00,17568.2637,2345.3584,3415.0918,1452.6626,18413.916,11639.2646,5379.625,1703.3232,61917.5053,A3,N,N
08/10/2018,18:00,17733.9355,2587.0781,3347.0737,1421.9496,18869.7012,11641.1289,5320.2817,1808.8367,62729.9854,A6,N,N
08/10/2018,18:00,18367.8008,2436.73,3274.29,1498.73,20453,11433.7998,5337.1401,1702.47,64503.9607,E,N,N
08/10/2018,18:00,18778.6992,2409.54,3253.7,1470.9399,20959.6992,11794.7998,5551.4302,1649.74,65868.5483,E1,N,N
08/10/2018,18:00,17870.5,2461.3,3325.28,1502.6899,20824.8008,11630,5326.4199,1633.5601,64574.5507,E2,N,N
08/10/2018,18:00,18033.5996,2387.4199,3285.5801,1507.65,20728.8008,11431.5996,5326.2202,1694.53,64395.4002,E3,N,N
08/10/2018,18:00,18058.8008,2437.9043,3316.8359,1475.7704,20041.6543,11595.0986,5373.5195,1698.7434,63998.3272,M,Y,N
08/10/2018,19:00,16884.7207,2234.8376,3376.5703,1396.8545,17916.8594,11510.4209,5163.8457,1691.6039,60175.713,A3,N,N
08/10/2018,19:00,16982.3379,2518.2666,3309.3665,1355.9163,18541.8379,11606.6729,5143.355,1784.5942,61242.3473,A6,N,N
08/10/2018,19:00,17636.8008,2381.3899,3258.01,1430.3199,19773.0996,11180.2002,5127.2402,1680.76,62467.8206,E,N,N
08/10/2018,19:00,17936.9004,2354.21,3190.22,1432.79,20085.5996,11648.5,5428.8198,1620.22,63697.2598,E1,N,N
08/10/2018,19:00,17325,2387.52,3302.72,1440.39,20146.1992,11418.5996,5140.7598,1605.83,62767.0186,E2,N,N
08/10/2018,19:00,17317.1992,2283.51,3265.8899,1436.22,20078.9004,11108.7002,5159.27,1679.67,62329.3597,E3,N,N
08/10/2018,19:00,17347.1602,2359.9558,3283.7961,1415.4152,19423.75,11412.1826,5193.8818,1677.113,62113.2547,M,Y,N
08/10/2018,20:00,16353.293,2109.0127,3328.1782,1301.6659,16980.0488,11033.0293,4930.5664,1673.7439,57709.5382,A3,N,N
08/10/2018,20:00,16449.4219,2393.5593,3286.7891,1253.5188,17645.2871,10962.1074,4962.9023,1762.0286,58715.6145,A6,N,N
08/10/2018,20:00,16954.6992,2275.0601,3230.23,1322.86,18879.5996,10693.5996,4951.1001,1620.46,59927.6086,E,N,N
08/10/2018,20:00,17331.6992,2144.4299,3185.4299,1330.39,19708.6992,11101.0996,5205.4399,1565.35,61572.5377,E1,N,N
08/10/2018,20:00,16705.3008,2274.3301,3242.6399,1348.71,19246.0996,10971.4004,4912.29,1573.0601,60273.8309,E2,N,N
08/10/2018,20:00,16732.8008,2162.49,3242.1799,1341.14,19267.8008,10685.7998,4947.8301,1603.1899,59983.2313,E3,N,N
08/10/2018,20:00,16754.5371,2226.4805,3252.5747,1316.3809,18621.2578,10907.8398,4985.021,1632.9723,59697.0641,M,Y,N
08/10/2018,21:00,15995.2061,2059.9404,3265.8994,1227.1356,16081.5195,10561.6289,4738.2764,1623.0507,55552.657,A3,N,N
08/10/2018,21:00,16136.2627,2313.1135,3225.2383,1175.568,16760.5664,10438.1113,4764.3193,1685.3624,56498.5419,A6,N,N
08/10/2018,21:00,16627.9004,2233.71,3186.04,1263.83,18307,10342.9004,4778.1099,1568.24,58307.7307,E,N,N
08/10/2018,21:00,16963.5996,2166.6799,3179.1499,1273.14,19165.8008,10758.5,5094.9902,1541.23,60143.0904,E1,N,N
08/10/2018,21:00,16349.0996,2220.5901,3203.8601,1292.16,18745.5,10521.4004,4728.5698,1541.0699,58602.2499,E2,N,N
08/10/2018,21:00,16424.5,2155.96,3176.52,1267.61,18491.5,10357,4776.77,1549.46,58199.32,E3,N,N
08/10/2018,21:00,16416.0938,2191.6658,3206.1182,1249.9073,17925.3145,10496.5908,4813.5059,1584.7356,57883.9319,M,Y,N
08/10/2018,22:00,15472.8623,2002.7789,3206.2913,1161.9391,15387.3965,10094.5195,4642.2354,1582.6008,53550.6238,A3,N,N
08/10/2018,22:00,15552.9629,2217.6563,3170.999,1113.2391,15936.1631,9977.5771,4678.874,1641.3292,54288.8007,A6,N,N
08/10/2018,22:00,16071.5996,2167.4199,3158.0801,1217.1,17739.5,9937.5898,4644.6099,1556.39,56492.2893,E,N,N
08/10/2018,22:00,16475.4004,2088.6001,3112.53,1216.79,18358.8008,10369.7998,4951.27,1486.14,58059.3311,E1,N,N
08/10/2018,22:00,15874.2002,2151.1899,3182.8401,1244.9,18020.0996,10087.5,4652.4102,1505.9399,56719.0799,E2,N,N
08/10/2018,22:00,15869.4004,2087.8899,3104.5701,1216.08,17933.0996,9989.1396,4635.1201,1527.61,56362.9097,E3,N,N
08/10/2018,22:00,15886.0723,2119.2561,3155.8853,1195.0081,17229.1777,10076.0215,4700.7534,1550.0016,55912.176,M,Y,N
08/10/2018,23:00,14793.6787,1889.7601,3088.2095,1103.2911,14551.4727,9382.0576,4388.9668,1501.6281,50699.0646,A3,N,N
08/10/2018,23:00,14944.1865,2076.998,3059.8733,1047.3721,14951.0928,9208.6152,4460.9287,1561.0459,51310.1125,A6,N,N
08/10/2018,23:00,15246.7002,2053.8,3075.8101,1152.08,16528.1992,9303.79,4402.8101,1478.27,53241.4596,E,N,N
08/10/2018,23:00,15128.9004,1976.7,3051.8401,1163.1,16716.6992,9432.4404,4632.6201,1369.12,53471.4202,E1,N,N
08/10/2018,23:00,15152.0996,2012.27,3103.54,1177.11,16540.8008,9363.7197,4405.3398,1401.76,53156.6399,E2,N,N
08/10/2018,23:00,14977.9004,1945.84,3029.6201,1163.3,16882.3008,9344.2402,4396.6802,1398.59,53138.4717,E3,N,N
08/10/2018,23:00,15040.5781,1992.5615,3068.1489,1134.3756,16028.4297,9339.1436,4447.8911,1451.7358,52502.8643,M,Y,N
08/10/2018,24:00,13791.3096,1793.8225,2961.1658,1026.6768,13495.2998,8608.0254,4092.2896,1426.3043,47194.8938,A3,N,N
08/10/2018,24:00,14023.2295,1943.52,2937.344,960.5065,13780.6338,8566.877,4178.4956,1481.8912,47872.4976,A6,N,N
08/10/2018,24:00,14340.2002,1917.58,2965.4399,1037.04,15132,8573.5801,4122.9102,1377.86,49466.6104,E,N,N
08/10/2018,24:00,13805.7998,1810.33,2966.4099,1086.9399,15317.0996,8616.0801,4347.1401,1231.3101,49181.1095,E1,N,N
08/10/2018,24:00,14277.7998,1850.3199,3023.3201,1085.23,15067.7002,8580.5303,4107.8501,1295.14,49287.8904,E2,N,N
08/10/2018,24:00,14135.2998,1811.64,2932.95,1065.12,15597.5996,8662.1104,4116.8101,1326.58,49648.1099,E3,N,N
08/10/2018,24:00,14062.2734,1854.5354,2964.4382,1043.5856,14731.7227,8601.2012,4160.916,1356.5144,48775.1869,M,Y,N
08/11/2018,1:00,13035.7266,1675.6744,2932.385,968.2387,12738.416,7892.5337,3816.4058,1387.6968,44447.077,A3,N,N
08/11/2018,1:00,13255.1895,1824.7075,2916.1348,920.5694,13105.2344,7901.9609,3926.5107,1492.2476,45342.5548,A6,N,N
08/11/2018,1:00,13482.0996,1802.23,2998.1001,958.479,13871.5996,7881.0698,3843.0701,1235.47,46072.1182,E,N,N
08/11/2018,1:00,13008.5996,1663.4,2884.3201,1005.66,13989.5996,7897.8101,4085.1799,1108.21,45642.7793,E1,N,N
08/11/2018,1:00,13179.2002,1677.64,2963.0901,997.753,13795.4004,7810.9902,3842.03,1174.99,45441.0939,E2,N,N
08/11/2018,1:00,13351.4004,1694.65,2872.1399,1001.71,14454.5,7968.4302,3847.28,1259.72,46449.8305,E3,N,N
08/11/2018,1:00,13218.7021,1723.0503,2927.6951,975.4017,13659.125,7892.1333,3893.4128,1276.3892,45565.9095,M,Y,N
08/11/2018,2:00,12420.1465,1585.2408,2891.4431,922.7201,12149.5518,7392.8613,3598.3977,1315.0958,42275.4571,A3,N,N
08/11/2018,2:00,12627.1221,1699.7882,2853.4939,871.9006,12464.0908,7357.6626,3690.1995,1413.4742,42977.7319,A6,N,N
08/11/2018,2:00,12834.2998,1671.98,2987.1599,861.467,12865.2002,7294.7798,3622.0701,1132.45,43269.4068,E,N,N
08/11/2018,2:00,13595.2998,1524.3199,2822.22,927.295,12843.9004,7334.04,3783.98,1016.23,43847.2851,E1,N,N
08/11/2018,2:00,12593.5996,1521.9301,2924.1499,930.783,12868.5996,7220.3901,3607.6499,1087.87,42754.9722,E2,N,N
08/11/2018,2:00,12642.5,1610.37,2820.1499,926.747,13511,7398.8999,3650.8501,1151.6,43712.1169,E3,N,N
08/11/2018,2:00,12785.4961,1602.2716,2883.1028,906.8188,12783.7246,7333.106,3658.8579,1186.12,43139.4978,M,Y,N
08/11/2018,3:00,11924.9238,1518.7825,2893.3083,876.3138,11615.7588,7019.7422,3418.8882,1229.6534,40497.371,A3,N,N
08/11/2018,3:00,12076.3701,1613.4998,2843.3347,829.2725,11884.1895,7002.1655,3510.6057,1320.7839,41080.2217,A6,N,N
08/11/2018,3:00,12291.9004,1588.63,2978.1001,804.513,12013.5,6827.6401,3440.03,1076.89,41021.2036,E,N,N
08/11/2018,3:00,12355.9004,1474.64,2765.1101,906.118,12019.0996,6875.2402,3582.9299,986.527,40965.5652,E1,N,N
08/11/2018,3:00,12062.7002,1475.67,2879.3799,893.094,12139.9004,6740.21,3428.8799,1037.83,40657.6644,E2,N,N
08/11/2018,3:00,12113.5,1530.83,2798.45,887.876,12709.2002,6904.54,3443.0901,1126.04,41513.5263,E3,N,N
08/11/2018,3:00,12137.5498,1533.6754,2859.6138,866.1979,12063.6084,6894.9238,3470.7375,1129.6207,40955.9273,M,Y,N
08/11/2018,4:00,11710.1953,1473.3933,2880.2649,848.309,11299.2119,6715.2793,3289.0876,1179.439,39395.1803,A3,N,N
08/11/2018,4:00,11865.9365,1545.3026,2847.5071,793.5206,11455.2344,6663.2422,3370.8965,1247.2356,39788.8755,A6,N,N
08/11/2018,4:00,11926,1539.01,2973.6001,824.401,11518.4004,6551.3999,3359.1599,1068.3199,39760.2912,E,N,N
08/11/2018,4:00,11812.5996,1435.6801,2742.6899,887.526,11478.0996,6494.7202,3453.6399,1006.8,39311.7553,E1,N,N
08/11/2018,4:00,11736.5,1426.8,2851.1799,861.479,11830.5,6474.7002,3287.79,1038.87,39507.8191,E2,N,N
08/11/2018,4:00,11707.7998,1475.21,2823.3501,858.206,12025.0996,6592.9399,3346.02,1116.3,39944.9254,E3,N,N
08/11/2018,4:00,11793.1719,1482.566,2853.0989,845.5736,11601.0918,6582.0474,3351.0991,1109.4941,39618.1428,M,Y,N
08/11/2018,5:00,11611.0059,1455.7491,2845.6477,838.8999,11126.1016,6563.9277,3241.8613,1152.9714,38836.1646,A3,N,N
08/11/2018,5:00,11710.9688,1509.2349,2828.864,778.1458,11270.9609,6448.8193,3320.9739,1187.0382,39055.0058,A6,N,N
08/11/2018,5:00,11733.7998,1510.29,2909.3701,832.276,11333.2002,6379.6401,3303.8899,1084.66,39087.1261,E,N,N
08/11/2018,5:00,11663.9004,1406.03,2730.0701,861.956,11126.7998,6241.3301,3452.01,948.584,38430.6804,E1,N,N
08/11/2018,5:00,11601.2998,1418.37,2841.97,851.429,11572.0996,6314.4399,3218.1699,1015.08,38832.8582,E2,N,N
08/11/2018,5:00,11548.0996,1465.28,2778.3501,857.525,11820.7998,6456.1602,3270.0901,1080.0601,39276.3649,E3,N,N
08/11/2018,5:00,11644.8457,1460.8258,2822.3787,836.7053,11374.9941,6400.7197,3301.166,1078.0657,38919.701,M,Y,N
08/11/2018,6:00,11574.7334,1459.1536,2814.7776,840.0832,11214.415,6547.1899,3202.4399,1160.666,38813.4586,A3,N,N
08/11/2018,6:00,11513.5293,1509.925,2814.9983,780.1799,11267,6414.791,3269.6694,1170.9071,38741,A6,N,N
08/11/2018,6:00,11724.9004,1486.37,2862.72,798.899,11416.7002,6346.7402,3265.0601,1140.88,39042.2699,E,N,N
08/11/2018,6:00,11559.5,1407.27,2754.6101,856.287,10975.5996,6183.54,3326.97,949.685,38013.4617,E1,N,N
08/11/2018,6:00,11603.0996,1409.0699,2831.8799,851.28,11628.7998,6286.96,3194.79,1003.41,38809.2892,E2,N,N
08/11/2018,6:00,11498.5996,1451.38,2740.5701,870.333,11916.5996,6411.48,3255.02,1108.8,39252.7823,E3,N,N
08/11/2018,6:00,11579.0615,1453.8613,2803.2593,832.8438,11403.1855,6365.1167,3252.325,1089.058,38778.7111,M,Y,N
08/11/2018,7:00,11732.4443,1468.3157,2838.7903,840.3947,11425.5576,6635.3413,3222.6265,1152.2747,39315.7451,A3,N,N
08/11/2018,7:00,11742.5625,1508.6608,2847.7693,778.8733,11398.2725,6456.2578,3231.1892,1135.5815,39099.1669,A6,N,N
08/11/2018,7:00,11821.7998,1528.63,2901.1699,795.409,11750.0996,6454.2598,3259,1167.75,39678.1181,E,N,N
08/11/2018,7:00,11363.5996,1472.26,2750.24,857.779,11252.5,6230.9702,3204.3,950.849,38082.4978,E1,N,N
08/11/2018,7:00,11715.9004,1461.4399,2827.99,879.814,11954.7002,6390.6699,3238.29,1018.45,39487.2544,E2,N,N
08/11/2018,7:00,11659.0996,1516.6899,2739.26,889.379,12211.2002,6528.8599,3300.55,1127.26,39972.2986,E3,N,N
08/11/2018,7:00,11672.5684,1492.6661,2817.5366,840.2748,11665.3887,6449.3936,3242.6597,1092.0276,39272.5155,M,Y,N
08/11/2018,8:00,11829.1758,1506.6688,2819.2654,858.0533,11532.6426,6673.2324,3231.3503,1177.3068,39627.6954,A3,N,N
08/11/2018,8:00,12018.7041,1532.2837,2833.3513,807.6735,11454.3125,6511.4985,3230.2288,1162.0117,39550.0641,A6,N,N
08/11/2018,8:00,11908.5996,1552.54,2896.52,839.794,12037.2002,6507.52,3272.76,1159.17,40174.1038,E,N,N
08/11/2018,8:00,11571.7998,1448.83,2713.8799,857.686,11247.2002,6301.8501,3276.52,935.82,38353.586,E1,N,N
08/11/2018,8:00,11863.2002,1492.84,2812.97,881.152,12130.7002,6463.0298,3200.21,1033.1899,39877.2921,E2,N,N
08/11/2018,8:00,11818,1507.6801,2727.0901,891.397,12248.0996,6564.3799,3237.0701,1094.97,40088.6868,E3,N,N
08/11/2018,8:00,11834.9131,1506.8071,2800.5127,855.9594,11775.0254,6503.585,3241.3567,1093.7448,39611.9042,M,Y,N
08/11/2018,9:00,12824.3994,1643.2063,2857.9338,927.7271,12573.7451,7070.6333,3444.9216,1237.4801,42580.0467,A3,N,N
08/11/2018,9:00,13001.1484,1675.998,2879.459,897.8687,12663.792,6976.6665,3499.2468,1217.9225,42812.1019,A6,N,N
08/11/2018,9:00,12690.5,1610.64,2939.97,915.511,12750.4004,6912.54,3483.73,1138.04,42441.3314,E,N,N
08/11/2018,9:00,12565.2002,1573.21,2749.7,922.195,12339.7002,6755.96,3538.0901,1004.99,41449.0455,E1,N,N
08/11/2018,9:00,12578.2998,1625.71,2843.8101,942.347,12811.9004,6987.71,3314.75,1065.9301,42170.4574,E2,N,N
08/11/2018,9:00,12651,1620.61,2769.6599,959.964,13020.2998,7007.7998,3492.03,1099.24,42620.6035,E3,N,N
08/11/2018,9:00,12718.4238,1624.8958,2840.0889,927.6022,12693.3057,6951.8857,3462.1279,1127.2671,42345.5971,M,Y,N
08/11/2018,10:00,13984.1611,1778.8062,2922.0471,1051.0402,13685.9648,7756.3716,3766.4443,1308.5441,46253.3794,A3,N,N
08/11/2018,10:00,14025.6738,1816.3475,2947.6284,1032.0951,13896.6768,7691.5015,3870.7998,1291.2568,46571.9797,A6,N,N
08/11/2018,10:00,13843.2002,1741.97,2938.75,1039.27,13921.2002,7542.52,3804.6599,1195.98,46027.5503,E,N,N
08/11/2018,10:00,13726.4004,1731.65,2789.8701,1042.4,13309.2998,7381.77,3907.53,1077.16,44966.0803,E1,N,N
08/11/2018,10:00,13941.9004,1749.4,2888.3201,1068.89,13899.5996,7514.0801,3654.6699,1138.62,45855.4801,E2,N,N
08/11/2018,10:00,13534.2998,1714.96,2849.1699,1089.88,14026,7568.27,3815.76,1169.95,45768.2897,E3,N,N
08/11/2018,10:00,13842.6064,1755.5222,2889.2976,1053.9292,13789.79,7575.7524,3803.3105,1196.9186,45907.1269,M,Y,N
08/11/2018,11:00,15087.4082,1916.2417,3006.6438,1119.8644,14782.6631,8486.8965,4142.7158,1407.5394,49949.9729,A3,N,N
08/11/2018,11:00,15139.0273,1955.3379,3031.5232,1108.0775,15146.3174,8452.3818,4248.582,1414.4038,50495.6509,A6,N,N
08/11/2018,11:00,14981.5996,1924.0699,3022.3401,1145.11,15242.9004,8194.6797,4195.3799,1259.51,49965.5896,E,N,N
08/11/2018,11:00,14889.9004,1803.45,2839.1799,1140.39,14337.9004,8148.0601,4297.8799,1177.55,48634.3107,E1,N,N
08/11/2018,11:00,15066.7002,1886.28,2939.96,1162.47,14954.9004,8218.5996,4090.04,1197.51,49516.4602,E2,N,N
08/11/2018,11:00,14790.7998,1815.86,2923.3799,1212.4399,15120,8209.1904,4166.75,1294.11,49532.53,E3,N,N
08/11/2018,11:00,14992.5723,1883.5399,2960.5046,1148.0587,14930.7803,8284.9678,4190.2251,1291.7705,49682.4192,M,Y,N
08/11/2018,12:00,16134.2549,2043.1423,3111.8745,1164.4489,15805.1035,9183.9795,4420.1636,1467.1815,53330.1487,A3,N,N
08/11/2018,12:00,16302.2949,2099.7402,3123.9392,1162.4795,16278.8613,9168.5693,4508.4282,1483.6918,54128.0044,A6,N,N
08/11/2018,12:00,15971.7002,2050.6899,3105.3701,1180.51,16270.7998,8806.7695,4437.5698,1332.23,53155.6393,E,N,N
08/11/2018,12:00,15938.9004,1962.29,2934.2,1221.21,15729.2998,8689.0195,4597.5698,1211.29,52283.7795,E1,N,N
08/11/2018,12:00,15989.2002,2004.74,2994.6001,1252.51,15949.2002,8910.0898,4407.75,1266.14,52774.2303,E2,N,N
08/11/2018,12:00,15744,1941.51,2989.53,1292.05,15611.0996,8661.5,4458.3198,1347.55,52045.5594,E3,N,N
08/11/2018,12:00,16013.3926,2017.0188,3043.2524,1212.2015,15940.7285,8903.3213,4471.6338,1351.3473,52952.8962,M,Y,N
08/11/2018,13:00,16977.834,2129.9387,3160.9075,1214.1339,16690.375,9700.0039,4704.8608,1540.8003,56118.8541,A3,N,N
08/11/2018,13:00,16956.625,2207.1755,3174.0073,1223.7201,17227.5332,9530.2813,4781.481,1568.7626,56669.586,A6,N,N
08/11/2018,13:00,16697.1992,2141.3501,3144.79,1245.22,17280.4004,9406.9902,4696.3799,1367.17,55979.4998,E,N,N
08/11/2018,13:00,16705.1992,2034.0601,2961.96,1272.76,16917.8008,9417.9805,4881.3901,1273.47,55464.6207,E1,N,N
08/11/2018,13:00,16643.3008,2111.26,3048.3,1326.8,16905.0996,9494.5801,4682.73,1331.55,55543.6205,E2,N,N
08/11/2018,13:00,16446.3008,2060.9199,3067.73,1357.6801,16806.0996,9197.4404,4755.5098,1515.65,55207.3306,E3,N,N
08/11/2018,13:00,16737.7441,2114.1174,3092.9492,1273.3857,16971.2188,9457.8799,4750.3921,1432.9006,55830.5878,M,Y,N
08/11/2018,14:00,17149.9121,2180.1919,3181.6685,1275.1764,17449.3965,10210.8184,4900.7261,1616.1089,57963.9988,A3,N,N
08/11/2018,14:00,17133.1211,2303.5271,3191.3384,1285.2089,17923.9629,10088.5176,4937.9058,1664.9094,58528.4912,A6,N,N
08/11/2018,14:00,17216.9004,2176.6001,3142.6399,1307.71,18002.0996,9874.2305,4914.3101,1454.72,58089.2106,E,N,N
08/11/2018,14:00,17437.9004,2144.29,3023.8999,1355.3199,17697.5,10010.2002,5108.6499,1297.54,58075.3003,E1,N,N
08/11/2018,14:00,17063.5,2194.73,3091.4399,1393.6,17597.9004,9951.0195,4937.8599,1369.25,57599.2997,E2,N,N
08/11/2018,14:00,16877.5,2135.1201,3085.72,1403.67,17694.4004,9752.4805,4944.9199,1466.16,57359.9709,E3,N,N
08/11/2018,14:00,17146.4727,2189.0767,3119.4512,1336.781,17727.5449,9981.2109,4957.3955,1478.1149,57936.0478,M,Y,N
08/11/2018,15:00,16876.7285,2216.0376,3241.4868,1328.4617,18105.127,10609.0234,5031.541,1649.8289,59058.2349,A3,N,N
08/11/2018,15:00,17158.6367,2383.4358,3235.6411,1336.8951,18667.2383,10393.7686,5020.0034,1705.1932,59900.8122,A6,N,N
08/11/2018,15:00,17609.5,2221.21,3193.1299,1352.64,18533,10230.9004,5122.29,1500.27,59762.9403,E,N,N
08/11/2018,15:00,17952.0996,2235.74,3022.97,1375.5,18058.5,10441.4004,5238.0098,1447.83,59772.0498,E1,N,N
08/11/2018,15:00,17282.9004,2286.71,3124.27,1437.5699,18178.4004,10301.5,5095.3301,1408.28,59114.9608,E2,N,N
08/11/2018,15:00,17307.8008,2214.2,3151.51,1450.76,18197.5996,10148.5,5147.0801,1540.27,59157.7205,E3,N,N
08/11/2018,15:00,17364.6113,2259.5557,3161.5015,1380.3044,18289.9766,10354.1826,5109.0425,1541.9456,59461.1202,M,Y,N
08/11/2018,16:00,17252.5996,2244.2209,3278.0884,1361.278,18655.0254,10920.9814,5154.8887,1672.067,60539.1494,A3,N,N
08/11/2018,16:00,17400.207,2456.5574,3237.9602,1361.8569,19083.5762,10689.2324,5116.5703,1735.424,61081.3844,A6,N,N
08/11/2018,16:00,17911.5,2249.79,3242.6499,1354.4301,18882.6992,10509.7998,5228.3101,1512.84,60892.0191,E,N,N
08/11/2018,16:00,17960.9004,2269.74,3057.1001,1365.61,18696.1992,10737.7998,5342.1499,1411.15,60840.6494,E1,N,N
08/11/2018,16:00,17599.5,2320.74,3160.8899,1472.14,18513.3008,10585.9004,5177.8901,1443.38,60273.7412,E2,N,N
08/11/2018,16:00,17390.0996,2262.74,3139.9199,1495.28,18373.9004,10499.2998,5160.1602,1547.29,59868.6899,E3,N,N
08/11/2018,16:00,17585.8008,2300.6316,3186.1013,1401.7659,18700.7832,10657.1699,5196.6616,1553.6919,60582.6062,M,Y,N
08/11/2018,17:00,16913.0547,2285.5417,3314.8425,1396.5565,18736.3125,11021.085,5138.8467,1678.0229,60484.2625,A3,N,N
08/11/2018,17:00,17040.9414,2490.8647,3251.6353,1378.6941,18928.2266,10799.2334,5064.6064,1742.7258,60696.9277,A6,N,N
08/11/2018,17:00,17953.9004,2278.6101,3283,1365.92,18987.8008,10669.5,5228.6299,1512.0699,61279.4311,E,N,N
08/11/2018,17:00,17968.4004,2251.95,3082.1899,1378.85,18923.1992,10954,5380.1899,1410.24,61349.0194,E1,N,N
08/11/2018,17:00,17571.0996,2335.1101,3188.3401,1478.62,18782.8008,10778.5996,5184.46,1454.8199,60773.8501,E2,N,N
08/11/2018,17:00,17631.8008,2282.0701,3168.1599,1505.65,18518.3008,10648.9004,5212.1299,1530.89,60497.9019,E3,N,N
08/11/2018,17:00,17513.1992,2320.6912,3214.6946,1417.3818,18812.7734,10811.8867,5201.4775,1554.7948,60846.8992,M,Y,N
08/11/2018,18:00,16231.9863,2254.0171,3319.5059,1379.8357,19200.0547,10860.1182,5054.248,1686.3024,59986.0683,A3,N,N
08/11/2018,18:00,16578.5352,2525.1553,3244.2119,1361.9292,19387.123,10579.6934,5026.5928,1745.0846,60448.3254,A6,N,N
08/11/2018,18:00,17649.1992,2275.1201,3259.24,1369.17,18858.5996,10651.2998,5101.0801,1537.96,60701.6688,E,N,N
08/11/2018,18:00,18014.4004,2298.1799,3119.6001,1394.63,19104.1992,10973.9004,5317,1444.62,61666.53,E1,N,N
08/11/2018,18:00,17015.8008,2333.4199,3174.3501,1462.92,18591.4004,10822.7998,5096.5498,1469.21,59966.4508,E2,N,N
08/11/2018,18:00,17501.8008,2224.6201,3134.3201,1480.0601,18569.5,10661.7998,5076.2798,1584.08,60232.4607,E3,N,N
08/11/2018,18:00,17165.2871,2318.4189,3208.5381,1408.0908,18951.8125,10758.2686,5111.959,1577.8761,60500.2511,M,Y,N
08/11/2018,19:00,15770.1924,2151.9421,3282.1689,1336.4492,18446.584,10758.8389,4899.1973,1655.459,58300.8318,A3,N,N
08/11/2018,19:00,15965.6953,2441.738,3205.6685,1307.8251,18752.0996,10611.7275,4895.5776,1724.2336,58904.5652,A6,N,N
08/11/2018,19:00,17058.4004,2256.8701,3250.48,1307.2,18447.9004,10433.5996,4926.9399,1558.09,59239.4804,E,N,N
08/11/2018,19:00,17505.4004,2244.1201,3011.8701,1348.45,18493.6992,10883.4004,5169.9399,1426.99,60083.8701,E1,N,N
08/11/2018,19:00,16446.0996,2256.6299,3165.24,1393.4301,18129,10652.0996,4884.8198,1457.75,58385.069,E2,N,N
08/11/2018,19:00,16935.3008,2183.1001,3142.9199,1453.09,18680.0996,10471.7998,4949,1541.01,59356.3202,E3,N,N
08/11/2018,19:00,16613.5156,2255.7334,3176.3914,1357.7407,18491.5645,10635.2441,4954.2461,1560.5889,59045.0247,M,Y,N
08/11/2018,20:00,15493.9248,2035.9658,3253.9458,1241.95,17614.5586,10279.0713,4702.0127,1614.2831,56235.7121,A3,N,N
08/11/2018,20:00,15653.8242,2309.0608,3202.4358,1214.4773,17851.4297,10057.7871,4717.0757,1679.6729,56685.7635,A6,N,N
08/11/2018,20:00,16433.1992,2182.3601,3178.4399,1250.7,17590.3008,9993.1104,4748.2598,1544.85,56921.2202,E,N,N
08/11/2018,20:00,16892.5,2151,2997.3899,1246.45,17902.8008,10245.5996,5057.5898,1393.9399,57887.27,E1,N,N
08/11/2018,20:00,15954.2998,2121.8401,3119.03,1290.6801,17277.0996,10245.0996,4680.5601,1411.89,56100.4993,E2,N,N
08/11/2018,20:00,16398.5996,2124.28,3082.1399,1338.5,17210.9004,9937.9199,4730.6099,1495.4399,56318.3896,E3,N,N
08/11/2018,20:00,16137.7246,2154.0845,3138.897,1263.7928,17574.5156,10126.4316,4772.6851,1523.3459,56691.4771,M,Y,N
08/11/2018,21:00,15246.7314,2007.8195,3170.7793,1170.6453,16936.8301,9908.2559,4555.9375,1557.7426,54554.7416,A3,N,N
08/11/2018,21:00,15409.6631,2255.5813,3126.2031,1147.0757,17193.4141,9735.0771,4529.2607,1611.0439,55007.319,A6,N,N
08/11/2018,21:00,16180.9004,2150.01,3138.8701,1213.61,17268.5996,9745.1602,4624.5098,1485.58,55807.2401,E,N,N
08/11/2018,21:00,16542.8008,2064.21,2949.46,1179.78,17682.8008,10031.4004,4926.9102,1351.28,56728.6422,E1,N,N
08/11/2018,21:00,15696.2998,2067.6399,3075.26,1225.04,16990.5,9895.6504,4517.3101,1376.33,54844.0302,E2,N,N
08/11/2018,21:00,16088.2002,2066.29,3012.9199,1254.8199,17252.3008,9779.3203,4586.75,1497.34,55537.9411,E3,N,N
08/11/2018,21:00,15860.7656,2101.9253,3078.9155,1198.4951,17220.7422,9849.1445,4623.4463,1479.8861,55413.3206,M,Y,N
08/11/2018,22:00,14801.2666,1953.0217,3102.4385,1134.8151,16385.2012,9473.5586,4465.1592,1516.9373,52832.3982,A3,N,N
08/11/2018,22:00,14991.5098,2145.1882,3054.7283,1107.202,16607.3574,9350.2021,4442.6733,1556.8229,53255.684,A6,N,N
08/11/2018,22:00,15724.5996,2106.4099,3124.95,1200.1,16871.3008,9377.2803,4496.3999,1468.1801,54369.2206,E,N,N
08/11/2018,22:00,16218.7002,1967.27,2957.04,1129.83,17004,9868.1797,4731.4702,1308.21,55184.7001,E1,N,N
08/11/2018,22:00,15373.9004,1992.37,3044.8601,1181.35,16568.8008,9469.5596,4424.75,1353.6899,53409.2808,E2,N,N
08/11/2018,22:00,15545.7002,2036.8199,2942.8401,1216.58,16801,9420.3896,4449.5098,1484.04,53896.8796,E3,N,N
08/11/2018,22:00,15442.6123,2033.5133,3037.8098,1161.6461,16706.2773,9493.1953,4501.6606,1447.98,53824.6947,M,Y,N
08/11/2018,23:00,14019.2529,1852.9205,2993.8501,1065.3171,15155.8623,8826.0469,4208.3862,1449.3975,49571.0335,A3,N,N
08/11/2018,23:00,14208.8516,1994.6106,2936.1819,1025.3069,15385.1201,8749.4443,4230.7393,1479.0752,50009.3299,A6,N,N
08/11/2018,23:00,14925.7002,1950.36,3033.6899,1116.88,15830,8790.0898,4220.5698,1408.73,51276.0197,E,N,N
08/11/2018,23:00,14801.7002,1913.6899,2825.6499,1102.71,15835.7002,9067.3896,4488.52,1230.04,51265.3998,E1,N,N
08/11/2018,23:00,14652.5,1858.53,2961.3,1098.98,15433.5996,8829.46,4225.4199,1262.6899,50322.4794,E2,N,N
08/11/2018,23:00,14722.9004,1890.16,2887.8201,1125.6899,15769.4004,8860.1504,4196.54,1430.08,50882.7412,E3,N,N
08/11/2018,23:00,14555.1523,1910.0452,2939.7485,1089.1473,15568.2813,8853.7637,4261.6958,1376.6688,50554.5029,M,Y,N
08/11/2018,24:00,13135.5146,1729.6349,2880.6433,993.7473,14169.6377,8138.269,3925.0981,1402.1025,46374.6474,A3,N,N
08/11/2018,24:00,13355.8398,1852.7745,2810.3499,940.0538,14297.3652,8072.0942,3976.5769,1421.9606,46727.0149,A6,N,N
08/11/2018,24:00,14062.2002,1846.48,2940.1899,1003.99,14633.2998,8127.9199,3989.6201,1339.39,47943.0899,E,N,N
08/11/2018,24:00,13560.7998,1750.8101,2802.3999,989.253,14567.2998,8346.1396,4267.79,1177.4,47461.8922,E1,N,N
08/11/2018,24:00,13815.2002,1733.3,2884.28,1021.07,14356.4004,8155.98,3986.24,1181.52,47133.9906,E2,N,N
08/11/2018,24:00,13917.5996,1755.49,2823.0901,1039.79,14717.5,8185.5298,3976,1334.05,47749.0495,E3,N,N
08/11/2018,24:00,13641.1914,1778.0817,2856.8257,997.984,14456.918,8170.9888,4020.2209,1309.4039,47231.6144,M,Y,N
08/12/2018,1:00,12567.5166,1614.9169,2841.9688,946.4819,13412.834,7536.6577,3700.4958,1364.7292,43985.6009,A3,N,N
08/12/2018,1:00,12804.9473,1742.86,2788.0303,905.0759,13644.5156,7496.6626,3763.1279,1443.8242,44589.0438,A6,N,N
08/12/2018,1:00,13180,1768.02,2882.3,915.516,13416.4004,7535.5098,3785.76,1245.59,44729.0962,E,N,N
08/12/2018,1:00,12752.5996,1649.5601,2756.8799,931.649,13489.2002,7721.8101,4054.8301,1056.76,44413.289,E1,N,N
08/12/2018,1:00,12773,1614.71,2843.6699,959.653,13219.5,7533.2598,3829.3899,1083.38,43856.5626,E2,N,N
08/12/2018,1:00,13171.0996,1635.73,2779.48,959.388,13656.5996,7641.52,3792.1699,1193.55,44829.5371,E3,N,N
08/12/2018,1:00,12874.8613,1670.9664,2815.3882,936.294,13473.1758,7577.5703,3820.9622,1231.3057,44400.5239,M,Y,N
08/12/2018,2:00,11952.0313,1530.7083,2800.759,906.335,12708.0234,7050.4028,3511.5608,1304.8688,41764.6894,A3,N,N
08/12/2018,2:00,12339.7832,1622.5815,2733.9395,860.8082,12949.1768,6996.749,3550.96,1378.3702,42432.3684,A6,N,N
08/12/2018,2:00,12506.4004,1657.28,2869.95,872.656,12524.9004,7014.3501,3606.96,1163.62,42216.1169,E,N,N
08/12/2018,2:00,13311.2002,1599.26,2711.3301,962.205,12562.7002,7207.9102,3773.1599,909.894,43037.6596,E1,N,N
08/12/2018,2:00,12225.7002,1491.59,2822.9299,909.876,12367.2002,6999.8198,3638.9399,1005.95,41462.006,E2,N,N
08/12/2018,2:00,12525.9004,1560.61,2733.23,905.033,12837.7998,7140.5898,3638.3,1077.55,42419.013,E3,N,N
08/12/2018,2:00,12476.8359,1577.005,2778.6897,902.8188,12658.3008,7068.3037,3619.9802,1140.0422,42221.9763,M,Y,N
08/12/2018,3:00,11635.3525,1469.4789,2793.5693,877.6957,12207.8281,6694.2349,3361.1169,1245.2551,40284.5314,A3,N,N
08/12/2018,3:00,11852.9268,1548.0862,2720.9089,830.4385,12426.4287,6623.4756,3384.8909,1311.4832,40698.6388,A6,N,N
08/12/2018,3:00,11945.2002,1579.79,2881.3799,771.098,11797.7998,6610.46,3446.8401,1118.47,40151.038,E,N,N
08/12/2018,3:00,12075.2998,1494.35,2671.96,885.001,11822,6747.0601,3605.6899,911.596,40212.9568,E1,N,N
08/12/2018,3:00,11736.7998,1447.8199,2801.48,886.093,11791,6587.9399,3503.05,960.125,39714.3076,E2,N,N
08/12/2018,3:00,11993.5996,1474.88,2731.3101,881.724,12381.0996,6681.3301,3471.04,1025.36,40640.3434,E3,N,N
08/12/2018,3:00,11873.1973,1502.4009,2766.7681,855.3418,12071.0264,6657.4175,3462.105,1095.3816,40283.6386,M,Y,N
08/12/2018,4:00,11470.2666,1440.2189,2778.8464,854.7115,11818.8516,6391.8906,3254.4004,1215.4691,39224.6551,A3,N,N
08/12/2018,4:00,11664.0723,1487.6848,2730.5642,794.0331,11939.4365,6318.7534,3277.5359,1258.5005,39470.5807,A6,N,N
08/12/2018,4:00,11617.7002,1536.42,2868.52,791.615,11322.2998,6330.8799,3383.6201,1130.54,38981.595,E,N,N
08/12/2018,4:00,11658.5996,1442.04,2643.8401,844.286,11297,6382.98,3518.79,909.094,38696.6297,E1,N,N
08/12/2018,4:00,11449.2002,1397.79,2774.3401,856.843,11410.4004,6301.1001,3373.5901,964.115,38527.3789,E2,N,N
08/12/2018,4:00,11589.5996,1442.38,2729.2,853.311,11620.4004,6395.96,3376.1899,1015.81,39022.8509,E3,N,N
08/12/2018,4:00,11574.9063,1457.7556,2754.2185,832.4667,11568.0654,6353.5947,3364.021,1082.2548,38987.283,M,Y,N
08/12/2018,5:00,11301.2637,1410.7001,2748.5056,844.8049,11566.8223,6236.73,3184.4773,1193.7595,38487.0634,A3,N,N
08/12/2018,5:00,11486.1484,1439.8545,2724.2646,776.4975,11613.2666,6116.7427,3211.0627,1203.3853,38571.2223,A6,N,N
08/12/2018,5:00,11418.0996,1484.1801,2835.49,815.999,11085,6157.5098,3310.05,1150.8199,38257.1484,E,N,N
08/12/2018,5:00,11423.4004,1429.17,2615.4399,862.177,11117.9004,6226.5801,3486.49,833.337,37994.4948,E1,N,N
08/12/2018,5:00,11313.2998,1392.1,2778.6899,849.412,11113,6125.3501,3288.95,939.361,37800.1628,E2,N,N
08/12/2018,5:00,11431.5996,1420.05,2690.5701,846.447,11469.2002,6304.77,3288.8799,1013.14,38464.6568,E3,N,N
08/12/2018,5:00,11395.6357,1429.3425,2732.1602,832.5563,11327.5313,6194.6138,3294.9851,1055.6338,38262.4587,M,Y,N
08/12/2018,6:00,11181.0654,1393.1447,2721.5635,837.9621,11457.9004,6111.5156,3154.9609,1193.0264,38051.139,A3,N,N
08/12/2018,6:00,11299.293,1433.5396,2716.2952,769.0327,11375.7539,6006.5176,3155.1941,1175.2629,37930.889,A6,N,N
08/12/2018,6:00,11351.5996,1439.85,2796.4199,781.693,11045,6094.1699,3269.6599,1207.95,37986.3423,E,N,N
08/12/2018,6:00,11381.2002,1481.89,2611.9099,939.882,10916,6117.3101,3382.4299,855.012,37685.6341,E1,N,N
08/12/2018,6:00,11247.2998,1371.23,2765.8799,837.914,11060.2002,6062.3301,3244.8201,935.577,37525.2511,E2,N,N
08/12/2018,6:00,11354.5996,1409.77,2671.8301,850.307,11395.4004,6190.5601,3256.6699,1012.75,38141.8871,E3,N,N
08/12/2018,6:00,11302.5107,1421.5708,2713.9832,836.1318,11208.376,6097.0674,3243.9561,1063.2631,37886.8591,M,Y,N
08/12/2018,7:00,11160.25,1392.542,2734.2688,827.3477,11359.7998,6076.3164,3139.823,1177.2811,37867.6288,A3,N,N
08/12/2018,7:00,11133.1162,1410.4817,2750.5398,758.8318,11116.1533,5957.0913,3090.6946,1136.8967,37353.8054,A6,N,N
08/12/2018,7:00,11355.5996,1467.85,2818.8701,783.448,11183.5,6132.6499,3209.55,1230.4301,38181.8977,E,N,N
08/12/2018,7:00,11339.9004,1454.54,2648.3501,852.394,11043,6166.5498,3232.1799,869.969,37606.8832,E1,N,N
08/12/2018,7:00,11260.7998,1405.5699,2760.6599,856.188,11220.2002,6097,3222.52,943.823,37766.7608,E2,N,N
08/12/2018,7:00,11343.4004,1445.74,2668.4299,856.258,11464.0996,6264.3101,3262.1499,1016.96,38321.3479,E3,N,N
08/12/2018,7:00,11265.5107,1429.454,2730.1865,822.4113,11231.126,6115.6528,3192.8198,1062.5601,37849.7212,M,Y,N
08/12/2018,8:00,11273.5898,1447.1285,2739.1948,851.967,11503.042,6203.623,3132.3308,1181.6639,38332.5398,A3,N,N
08/12/2018,8:00,11269.6719,1459.8668,2762,789.9837,11231.6201,6106.1758,3055.7576,1149.366,37824.4419,A6,N,N
08/12/2018,8:00,11324.4004,1494.78,2810.6399,815.946,11343.2002,6146,3227.8899,1214.05,38376.9064,E,N,N
08/12/2018,8:00,11560.4004,1459.76,2590.3501,867.349,11112.0996,6253.5098,3329.52,872.96,38045.9489,E1,N,N
08/12/2018,8:00,11294,1435.3101,2741.3501,858.735,11349.2002,6115.4702,3167.04,951.549,37912.6546,E2,N,N
08/12/2018,8:00,11354.5996,1452.98,2634.55,860.693,11440.2998,6239.25,3194.5901,1031.91,38208.8725,E3,N,N
08/12/2018,8:00,11346.1104,1458.3043,2713.0142,840.779,11329.9102,6177.3389,3184.5217,1066.9165,38116.8952,M,Y,N
08/12/2018,9:00,12208.6289,1598.652,2809.7683,933.7801,12363.5205,6698.2622,3340.8975,1231.3011,41184.8106,A3,N,N
08/12/2018,9:00,12291.2305,1613.8375,2826.0166,883.9953,12236.5967,6612.2383,3341.988,1204.2631,41010.166,A6,N,N
08/12/2018,9:00,12082.7002,1580.54,2863.95,894.888,11999.2002,6544.0601,3433.79,1181.04,40580.1685,E,N,N
08/12/2018,9:00,12378.5,1591.52,2645.3401,913.299,12134,6777.54,3569.45,917.552,40927.2011,E1,N,N
08/12/2018,9:00,11931.0996,1589.04,2765.21,921.296,12156.4004,6609.2598,3304.48,985.742,40262.5278,E2,N,N
08/12/2018,9:00,12134.7998,1592.45,2659.6699,911.826,12146.7998,6683.9302,3440.6899,1035.15,40605.3156,E3,N,N
08/12/2018,9:00,12171.1602,1594.34,2761.6592,909.8475,12172.7529,6654.2153,3405.2158,1092.5081,40761.699,M,Y,N
08/12/2018,10:00,13392.1807,1755.3287,2869.5552,1043.6309,13577.0723,7363.9932,3656.6365,1298.2947,44956.6922,A3,N,N
08/12/2018,10:00,13532.1982,1791.0697,2892.0244,1003.0516,13455.9619,7271.7979,3739.3096,1263.6163,44949.0296,A6,N,N
08/12/2018,10:00,13310.2998,1742.58,2878.96,1020.2,13039.4004,7197.1099,3718.3999,1214.67,44121.62,E,N,N
08/12/2018,10:00,13491.4004,1759.17,2625.03,1029.54,13227.9004,7409,3946.23,942.039,44430.3098,E1,N,N
08/12/2018,10:00,13324,1736.08,2815.9399,1032.66,13206.2002,7202.9199,3641.8899,1050.3199,44010.0098,E2,N,N
08/12/2018,10:00,13156.5996,1737.16,2726.6299,1022.6,13287.5,7287.5601,3771.6899,1150.29,44140.0295,E3,N,N
08/12/2018,10:00,13367.7803,1753.5647,2801.3564,1025.2805,13299.0059,7288.7305,3745.6929,1153.205,44434.6162,M,Y,N
08/12/2018,11:00,14527.5332,1915.0591,2947.5427,1105.6027,14610.1182,8089.0039,4049.7781,1353.9877,48598.6256,A3,N,N
08/12/2018,11:00,14673.9844,1928.0626,2968.2898,1068.6246,14652.918,8028.7251,4121.9043,1345.2899,48787.7987,A6,N,N
08/12/2018,11:00,14522.5996,1934.1,2971.9199,1125.0601,14283.4004,7900.8901,4092.52,1242.35,48072.8401,E,N,N
08/12/2018,11:00,14631,1881.34,2721.98,1099.1801,14243.2998,8061.5,4299.2798,1022.71,47960.2897,E1,N,N
08/12/2018,11:00,14612.2998,1879.1801,2873.4199,1101.26,14108.2998,7919.3301,4049.3101,1098.9301,47642.0299,E2,N,N
08/12/2018,11:00,14350.2998,1869.13,2802.1101,1109.73,14437.9004,7986.3999,4082.28,1202.4,47840.2502,E3,N,N
08/12/2018,11:00,14552.9531,1901.1453,2880.8772,1101.5762,14389.3223,7997.6416,4115.8452,1210.9446,48150.3055,M,Y,N
08/12/2018,12:00,15631.0342,2034.6683,3024.2817,1150.251,15437.8066,8769.6387,4289.145,1391.2838,51728.1093,A3,N,N
08/12/2018,12:00,15707,2071.8799,3036.1545,1124.611,15679.5479,8732.625,4386.2207,1403.798,52141.837,A6,N,N
08/12/2018,12:00,15598.7002,2082.8799,3050.1599,1132.42,15276,8572.4697,4326.6802,1305.28,51344.5899,E,N,N
08/12/2018,12:00,15715.2002,2005.5601,2761.5901,1170.05,15469,8662.7803,4580.1099,1067.8101,51432.1007,E1,N,N
08/12/2018,12:00,15768,2014.2,2933.51,1179.8,15054.4004,8617.8301,4337.5698,1158.47,51063.7803,E2,N,N
08/12/2018,12:00,15378.7002,2006.4301,2884,1193.5,15025.9004,8514.9297,4399.5098,1257.77,50660.7402,E3,N,N
08/12/2018,12:00,15633.1055,2035.9363,2948.283,1158.4387,15323.7754,8645.0459,4386.5391,1264.0687,51395.1926,M,Y,N
08/12/2018,13:00,16351.0957,2140.613,3078.8198,1201.2864,16377.7939,9246.5225,4553.7217,1447.5183,54397.3713,A3,N,N
08/12/2018,13:00,16312.0957,2192.2302,3080.844,1186.0559,16674.8281,9137.6973,4653.7979,1474.6958,54712.2449,A6,N,N
08/12/2018,13:00,16452,2213.9299,3093.77,1179.65,16293.2998,9221.8701,4561.0298,1307.08,54322.6296,E,N,N
08/12/2018,13:00,16326.4004,2152.6599,2843.6201,1214.27,16349.9004,9240.6602,4831.5098,1144.03,54103.0508,E1,N,N
08/12/2018,13:00,16469.5996,2160.4299,2988.8799,1243.96,16112.4004,9266.0898,4596.4399,1220.34,54058.1395,E2,N,N
08/12/2018,13:00,16271.7998,2141.95,2949.3899,1254.58,15914.2998,9068.2402,4644.2002,1392.97,53637.4299,E3,N,N
08/12/2018,13:00,16363.832,2166.9688,3005.8875,1213.3004,16287.0879,9196.8467,4640.1167,1331.1057,54205.1457,M,Y,N
08/12/2018,14:00,16678.1875,2233.6304,3114.2644,1249.8721,17110.502,9719.2617,4720.1528,1517.3975,56343.2684,A3,N,N
08/12/2018,14:00,16697.0469,2294.967,3089.2109,1238.0555,17431.3359,9688.4658,4794.7397,1572.4424,56806.2641,A6,N,N
08/12/2018,14:00,16977.4004,2298.02,3104.99,1238.34,17130.6992,9756.2803,4750.3799,1371.48,56627.5898,E,N,N
08/12/2018,14:00,17033.8008,2231.7,2899.3899,1260.26,16835.1992,9909.9697,5057.79,1181.8101,56409.9197,E1,N,N
08/12/2018,14:00,16907.1992,2278.8501,3041.1899,1299.12,16905.9004,9769.3604,4822.6699,1262.1899,56286.4798,E2,N,N
08/12/2018,14:00,16863.3008,2234.79,2981.8,1299.29,16855.1992,9739.4004,4843.75,1393.41,56210.9404,E3,N,N
08/12/2018,14:00,16859.4902,2261.9929,3038.4741,1264.1563,17044.8066,9763.79,4831.5806,1383.1217,56447.4124,M,Y,N
08/12/2018,15:00,16996.7852,2284.3706,3164.2502,1277.4543,17803.7188,10079.2539,4953.5532,1578.1318,58137.518,A3,N,N
08/12/2018,15:00,17236.6836,2377.2126,3116.199,1268.392,18306.0645,10008.8984,4922.7114,1637.2587,58873.4202,A6,N,N
08/12/2018,15:00,17296,2355.3601,3148.23,1257.89,17777.4004,10154.7998,4994.02,1417.21,58400.9103,E,N,N
08/12/2018,15:00,17528.9004,2366.27,2914.77,1285.1,17200.4004,10159.5,5207.7598,1296.5699,57959.2705,E1,N,N
08/12/2018,15:00,17137.8008,2364.54,3079.23,1339.85,17672.8008,10150.7998,5015.7598,1307.12,58067.9012,E2,N,N
08/12/2018,15:00,17490.3008,2290.74,3045.9099,1346.75,17419.8008,10137.5996,5039.6299,1455.6801,58226.4111,E3,N,N
08/12/2018,15:00,17281.0801,2339.749,3078.0981,1295.9061,17696.6973,10115.1416,5022.2393,1448.6616,58277.5731,M,Y,N
08/12/2018,16:00,17526.4922,2335.2368,3198.8921,1302.3146,18200.2871,10385.3096,5009.3564,1604.749,59562.6378,A3,N,N
08/12/2018,16:00,17843.8594,2470.6741,3118.5996,1286.1581,18742.0137,10331.7813,4953.3496,1670.9261,60417.3619,A6,N,N
08/12/2018,16:00,17560.4004,2394.21,3188.1001,1310.8199,18300.5996,10456.2002,5163.0098,1409.5,59782.84,E,N,N
08/12/2018,16:00,17643.1992,2424.72,2962.3601,1291.5,18218.9004,10492.2998,5310.8999,1299.24,59643.1194,E1,N,N
08/12/2018,16:00,17389.6992,2411.74,3118.1201,1376.23,18263.6992,10434.0996,5133.3599,1336.3101,59463.2581,E2,N,N
08/12/2018,16:00,17870.0996,2360.8501,3015.9099,1389.9301,17879.9004,10477.2998,5079.5601,1435.75,59509.3,E3,N,N
08/12/2018,16:00,17638.959,2399.5718,3100.3306,1326.1588,18267.5664,10429.499,5108.2559,1459.4126,59729.7541,M,Y,N
08/12/2018,17:00,17363.1816,2357.4363,3232.0208,1325.5146,18447.3125,10613.9287,5036.0127,1615.0504,59990.4576,A3,N,N
08/12/2018,17:00,17990.5957,2455.8657,3133.2798,1306.2543,18709,10647.2207,4934.4116,1687.9521,60864.5799,A6,N,N
08/12/2018,17:00,17692.1992,2432.8601,3231.24,1334.92,18589.3008,10649.2002,5171.8701,1403.28,60504.8704,E,N,N
08/12/2018,17:00,17774.0996,2443.3601,2952.4299,1337.53,18479,10820.2002,5344.3999,1304.29,60455.3097,E1,N,N
08/12/2018,17:00,17412.5996,2428.23,3149.46,1394.64,18556.0996,10652.2002,5131.8901,1339.4399,60064.5594,E2,N,N
08/12/2018,17:00,17840.5996,2364.0701,3078,1413.24,18150.0996,10668.2002,5141.23,1440.24,60095.6795,E3,N,N
08/12/2018,17:00,17678.8789,2413.6372,3129.4053,1352.0166,18488.4688,10675.1582,5126.6357,1465.0422,60329.2429,M,Y,N
08/12/2018,18:00,17115.5371,2310.4702,3276.355,1331.3627,19243.3223,10625.9326,4967.9102,1650.2792,60521.1693,A3,N,N
08/12/2018,18:00,17695.1309,2509.0178,3168.425,1314.2572,19359.6172,10449.1758,4937.8115,1697.8416,61131.277,A6,N,N
08/12/2018,18:00,17590.3008,2415.7,3229.6899,1330.36,18755.5,10701.7002,5065.0898,1419.3101,60507.6508,E,N,N
08/12/2018,18:00,17819,2405.8101,3036.8401,1365.0601,19001.3008,10857.2998,5287.7002,1321.45,61094.4611,E1,N,N
08/12/2018,18:00,17250.5996,2421.46,3146.47,1398.4301,18649.1992,10739.7002,5066.8799,1358.75,60031.489,E2,N,N
08/12/2018,18:00,17892.4004,2372.0801,3058.3101,1412.16,18677.9004,10781.0996,5044.3599,1500.9399,60739.2504,E3,N,N
08/12/2018,18:00,17560.4941,2405.7563,3152.6816,1358.605,18947.8086,10692.4844,5061.625,1491.4285,60670.8835,M,Y,N
08/12/2018,19:00,16795.6875,2216.2043,3272.1392,1294.5022,18520.7559,10566.9482,4820.3599,1627.5383,59114.1355,A3,N,N
08/12/2018,19:00,17262.3652,2470.1604,3168.801,1258.6838,18722.8398,10618.6777,4816.5654,1678.1312,59996.2245,A6,N,N
08/12/2018,19:00,17222.8008,2387.78,3211.5701,1284.59,18549.4004,10545,4869.7798,1446.65,59517.5711,E,N,N
08/12/2018,19:00,17250.8008,2357.25,2986.6399,1310.1,18522.1992,10748.4004,5137.8398,1327.73,59640.9601,E1,N,N
08/12/2018,19:00,16932.5996,2350.46,3126.1599,1350.36,18449.5996,10590.0996,4898.1401,1358.67,59056.0888,E2,N,N
08/12/2018,19:00,17527.1992,2336.6599,3067.4099,1402.34,18667.0996,10680.0996,4933.0098,1442.03,60055.848,E3,N,N
08/12/2018,19:00,17165.2422,2353.0859,3138.7866,1316.7627,18571.9824,10624.8711,4912.6157,1480.125,59563.4716,M,Y,N
08/12/2018,20:00,16286.9824,2137.3379,3232.8342,1209.1538,17782.5664,10235.6602,4634.0029,1614.2635,57132.8013,A3,N,N
08/12/2018,20:00,16706.5195,2376.4001,3159.2683,1171.8081,17980.7441,10245.7588,4667.022,1652.4388,57959.9597,A6,N,N
08/12/2018,20:00,16577.1992,2327.8899,3148.6201,1212.14,17909.4004,10192.2998,4737.2998,1439.15,57543.9992,E,N,N
08/12/2018,20:00,16511.5996,2222.1399,2975.9399,1179.58,17735.8008,10308.4004,5035.6899,1282.3101,57251.4606,E1,N,N
08/12/2018,20:00,16329,2226.8401,3087.54,1268.08,17723.8008,10223.5996,4747.1899,1322.35,56928.4004,E2,N,N
08/12/2018,20:00,16737.3008,2242.74,3019.22,1307.05,17447.8008,10196.0996,4739.2402,1434.17,57123.6214,E3,N,N
08/12/2018,20:00,16524.7676,2255.5581,3103.9038,1224.6354,17763.3516,10233.6367,4760.0747,1457.447,57323.3749,M,Y,N
08/12/2018,21:00,16000.5322,2108.8708,3161.7666,1138.9943,16960.5098,9837.5605,4565.8062,1556.5851,55330.6255,A3,N,N
08/12/2018,21:00,16396.2344,2294.3088,3089.2444,1103.9347,17255.1699,9818.248,4570.6162,1586.8977,56114.6541,A6,N,N
08/12/2018,21:00,16241,2289,3133.51,1186.75,17646.8008,9955.4102,4670.8398,1380.9301,56504.2409,E,N,N
08/12/2018,21:00,16238.5996,2172.0901,2911.53,1157.4,17254.8008,9944.4902,4912.27,1249.4399,55840.6206,E1,N,N
08/12/2018,21:00,15927,2172.3799,3060.99,1212.52,17603.1992,9893.6104,4617.3198,1291.49,55778.5093,E2,N,N
08/12/2018,21:00,16458,2185.3101,2947.74,1238.89,17655.8008,10031.5996,4680.0498,1406.48,56603.8703,E3,N,N
08/12/2018,21:00,16210.2275,2203.6599,3050.7969,1173.0815,17396.0469,9913.4863,4669.4839,1411.9705,56028.7534,M,Y,N
08/12/2018,22:00,15556.2217,2049.5466,3113.5852,1121.521,16329.9824,9456.2549,4504.3945,1514.8915,53646.3978,A3,N,N
08/12/2018,22:00,15799.9297,2196.0938,3033.7891,1074.0366,16674.5508,9501.0479,4510.8623,1537.9493,54328.2595,A6,N,N
08/12/2018,22:00,15711.2002,2226.9299,3118.4399,1175.2,17235.4004,9578.9199,4580.7598,1382.74,55009.5901,E,N,N
08/12/2018,22:00,15679.2998,2073.8999,2944.23,1133.55,16779.3008,9724.75,4741.6602,1192.03,54268.7207,E1,N,N
08/12/2018,22:00,15538,2082.71,3038.6599,1169.02,17061.4004,9486.0996,4550.9902,1265.1899,54192.07,E2,N,N
08/12/2018,22:00,15873.5,2114.25,2906.6201,1193.8199,17161.6992,9684.2695,4546.0801,1402.6,54882.8388,E3,N,N
08/12/2018,22:00,15693.0254,2123.905,3025.8877,1144.5247,16873.7227,9571.8906,4572.4585,1382.5669,54387.9815,M,Y,N
08/12/2018,23:00,14638.8828,1920.3585,3020.8877,1057.8286,15088.4473,8742.2715,4265.7925,1431.9365,50166.4054,A3,N,N
08/12/2018,23:00,14938.4639,2020.3105,2928.3601,992.3583,15382.8604,8817.3955,4295.4541,1450.9889,50826.1917,A6,N,N
08/12/2018,23:00,14804.4004,2028.8199,3032.6101,1110.35,15984.2998,8866.5801,4292.1899,1345.72,51464.9702,E,N,N
08/12/2018,23:00,14658.2002,1953.74,2821.95,1084.89,15806.5996,8884.7002,4531.5801,1091.0601,50832.7202,E1,N,N
08/12/2018,23:00,14707.2002,1912.83,2959.0901,1078.01,15649.4004,8772.4404,4317.9502,1183.64,50580.5613,E2,N,N
08/12/2018,23:00,14937.0996,1957.3101,2838.3601,1097.09,15913.4004,9015.4502,4311.8101,1315.1801,51385.7006,E3,N,N
08/12/2018,23:00,14780.708,1965.5616,2933.543,1070.0879,15637.502,8849.8066,4335.7964,1303.0875,50876.093,M,Y,N
08/12/2018,24:00,13549.4697,1769.6,2897.8977,977.074,13864.2998,7886.7158,3940.1216,1357.908,46243.0866,A3,N,N
08/12/2018,24:00,13715.4678,1843.5839,2800.0623,898.6657,14103.5742,7948.5513,3979.9038,1373.4836,46663.2926,A6,N,N
08/12/2018,24:00,13785.5996,1872.3101,2938.1201,978.509,14564.5,8068.6401,4023.21,1294,47524.8889,E,N,N
08/12/2018,24:00,13374.0996,1806.4301,2779.0701,980.414,14554.7998,8209.8203,4284.77,1055.86,47045.2639,E1,N,N
08/12/2018,24:00,13720.2998,1764.4,2879.1799,995.51,14283.2002,7991.8999,4014.1299,1111.4399,46760.0596,E2,N,N
08/12/2018,24:00,13885.2998,1797.61,2753.3601,1011.57,14673,8224.5801,4031.29,1228.23,47604.94,E3,N,N
08/12/2018,24:00,13671.707,1808.989,2841.2817,973.6238,14340.5625,8055.0352,4045.5713,1236.8202,46973.5907,M,Y,N
08/13/2018,1:00,12792.9326,1651.2676,2836.6812,926.8365,13070.7559,7269.3633,3685.5366,1302.6799,43536.0536,A3,N,N
08/13/2018,1:00,12974.5703,1723.86,2764.219,867.2695,13257.5293,7379.689,3725.218,1382.9282,44075.2833,A6,N,N
08/13/2018,1:00,12866.9004,1748.23,2835.1201,890.606,13266.7998,7362.9199,3804.96,1305.71,44081.2462,E,N,N
08/13/2018,1:00,12593.5996,1684.86,2722.6899,906.357,13559,7586.5098,4044.52,976.848,44074.3843,E1,N,N
08/13/2018,1:00,12782.7998,1641.6,2823.26,937.416,13045.2002,7330.6899,3767.6201,1046.7,43375.286,E2,N,N
08/13/2018,1:00,12985.7998,1667.22,2686.49,939.518,13538.2998,7551.7402,3813.26,1141.1899,44323.5177,E3,N,N
08/13/2018,1:00,12832.7676,1686.1729,2778.0769,911.3339,13289.5977,7413.4858,3806.8525,1192.676,43910.9633,M,Y,N
08/13/2018,2:00,12247.4512,1554.5283,2782.5986,896.5593,12401.2549,6801.7866,3495.0752,1246.4996,41425.7537,A3,N,N
08/13/2018,2:00,12377.0527,1584.3442,2711.0913,833.056,12544.5488,6844.8589,3514.4417,1326.3459,41735.7395,A6,N,N
08/13/2018,2:00,12179.0996,1639.67,2786.48,808.366,12435.5,6821.2402,3617.8601,1298.59,41586.8059,E,N,N
08/13/2018,2:00,13268.9004,1618.11,2673.8701,860.796,12718.2998,7047.3999,3756.6899,931.298,42875.3641,E1,N,N
08/13/2018,2:00,12109.5996,1545.21,2778.98,899.696,12233.5996,6814.6299,3559.8899,1002.08,40943.685,E2,N,N
08/13/2018,2:00,12279.2998,1562.7,2648.6201,898.342,12445.4004,6997.77,3640.8301,1084.96,41557.9224,E3,N,N
08/13/2018,2:00,12410.2344,1584.094,2730.2734,866.1359,12463.1016,6887.9473,3597.4648,1148.2955,41687.5469,M,Y,N
08/13/2018,3:00,11933.2666,1506.656,2763.3789,875.5083,12021.8984,6488.3516,3362.0615,1199.3442,40150.4655,A3,N,N
08/13/2018,3:00,12053.0117,1514.4058,2696.3481,813.3176,12159.5928,6507.8872,3353.4551,1271.842,40369.8603,A6,N,N
08/13/2018,3:00,11722.5,1591.8,2780.74,804.762,11854.2998,6428.04,3499.3501,1285.8199,39967.3118,E,N,N
08/13/2018,3:00,12041.9004,1518.8101,2641.5901,818.194,12067,6645.8198,3592.6201,839.957,40165.8915,E1,N,N
08/13/2018,3:00,11745.5996,1483.4,2751.78,879.192,11633.4004,6451.3599,3409.27,968.948,39322.9499,E2,N,N
08/13/2018,3:00,11878.9004,1505.36,2638.6799,876.648,12017.4004,6593.6802,3508.23,1029.66,40048.5589,E3,N,N
08/13/2018,3:00,11895.8623,1520.072,2712.0862,844.6038,11958.9326,6519.1899,3454.1646,1099.2618,40004.1732,M,Y,N
08/13/2018,4:00,11813.4678,1467.2031,2759.0283,863.5927,11731.3613,6329.3394,3293.9839,1175.4753,39433.4518,A3,N,N
08/13/2018,4:00,11874.2803,1463.5859,2715.8762,787.9705,11858.2529,6326.7603,3273.2837,1223.0073,39523.0171,A6,N,N
08/13/2018,4:00,11531.0996,1558.62,2768.3501,785.651,11560.5996,6235.6699,3416.98,1263.11,39120.0802,E,N,N
08/13/2018,4:00,11627,1472.59,2643.72,818.115,11623.9004,6418.6499,3494.4299,838.075,38936.4802,E1,N,N
08/13/2018,4:00,11584.4004,1456.34,2727.76,854.286,11489.5,6254.5298,3320.3701,943.042,38630.2283,E2,N,N
08/13/2018,4:00,11624,1466.66,2630.9199,842.969,11448.5,6392.1899,3416.8501,986.731,38808.8199,E3,N,N
08/13/2018,4:00,11675.708,1480.8333,2707.6091,825.4308,11618.6855,6326.1904,3369.3164,1071.5736,39075.3471,M,Y,N
08/13/2018,5:00,11877.3047,1462.3752,2753.4888,855.5164,11680.5645,6271.6919,3273.6025,1146.1663,39320.7103,A3,N,N
08/13/2018,5:00,11956.3613,1439.5344,2733.8169,778.9547,11854.1777,6226.2231,3255.9082,1153.9957,39398.972,A6,N,N
08/13/2018,5:00,11595.5996,1557.97,2772.54,750.99,11572.7998,6195.5601,3379.5701,1237.53,39062.5596,E,N,N
08/13/2018,5:00,11669.5996,1467.47,2633.29,809.57,11495.7998,6194.21,3478.8701,865.44,38614.2495,E1,N,N
08/13/2018,5:00,11630.4004,1465.09,2719.8899,843.274,11430.2002,6224.1299,3289.3501,947.682,38550.0165,E2,N,N
08/13/2018,5:00,11729.0996,1469.1801,2628.4299,828.938,11555.7998,6352.75,3386.96,967.141,38918.2984,E3,N,N
08/13/2018,5:00,11743.0615,1476.9365,2706.9092,811.2072,11598.2236,6244.0938,3344.0437,1052.9926,38977.4681,M,Y,N
08/13/2018,6:00,12116.29,1509.2655,2747.8936,866.0835,12075.4053,6455.5024,3316.2844,1165.2368,40251.9615,A3,N,N
08/13/2018,6:00,12237.0469,1492.7516,2753.4407,795.2024,12217.3193,6441.7876,3299.874,1146.3135,40383.736,A6,N,N
08/13/2018,6:00,11991.2002,1616.34,2780.3201,813.549,12034.7002,6447.25,3467.8999,1255.65,40406.9094,E,N,N
08/13/2018,6:00,11994.7002,1558.41,2656.8,839.323,12059.4004,6358.7002,3517.3,846.206,39830.8398,E1,N,N
08/13/2018,6:00,11957.5,1523.3199,2737.3201,876.684,11914.5996,6456.0601,3361.1699,969.644,39796.2976,E2,N,N
08/13/2018,6:00,12045.4004,1531.5,2651.3999,853.24,12005.0996,6483.9199,3450.98,1005.57,40027.1098,E3,N,N
08/13/2018,6:00,12057.0225,1538.5979,2721.1958,840.6803,12051.0879,6440.5371,3402.2515,1064.77,40116.143,M,Y,N
08/13/2018,7:00,12341.4756,1579.2366,2791.3728,883.0131,12373.46,6753.9243,3447.7742,1197.4373,41367.6939,A3,N,N
08/13/2018,7:00,12520.9375,1554.8308,2820.2141,823.9382,12563.9336,6841.021,3440.9114,1170.4205,41736.2071,A6,N,N
08/13/2018,7:00,12494.2002,1705.92,2828.1001,835.313,12828.7002,6892.6699,3602.47,1265.9399,42453.3133,E,N,N
08/13/2018,7:00,12368.5996,1661.47,2684.26,904.723,12935.0996,6867.25,3549.5801,909.538,41880.5203,E1,N,N
08/13/2018,7:00,12336.7998,1660.22,2774.6101,941.58,12739.2998,6884.23,3523.8201,1024.4301,41884.9899,E2,N,N
08/13/2018,7:00,12547.5996,1611.26,2669.51,891.167,12806.5996,6837.3799,3600.8701,1031.74,41996.1262,E3,N,N
08/13/2018,7:00,12434.9346,1628.823,2761.3447,879.9557,12707.8496,6846.0796,3527.5708,1099.9176,41886.4756,M,Y,N
08/13/2018,8:00,12870.4854,1646.6216,2820.1248,917.2996,13089.167,7009.0024,3525.1829,1234.9669,43112.8506,A3,N,N
08/13/2018,8:00,12879.75,1614.7048,2852.2915,867.4835,13166.7266,7116.1465,3483.6008,1213.5531,43194.2568,A6,N,N
08/13/2018,8:00,12653,1774.6,2841.8999,879.795,13270.9004,7034.3799,3633.29,1309.12,43396.9852,E,N,N
08/13/2018,8:00,12842.9004,1701.8199,2714.21,913.207,13350.5996,7036.4702,3670.76,918.938,43148.9051,E1,N,N
08/13/2018,8:00,12552.7002,1715.5699,2794.75,967.709,13051.5,7005.4902,3559.76,1057.1801,42704.6594,E2,N,N
08/13/2018,8:00,12703.7998,1697.11,2687.1499,919.701,13173.2998,6997.2998,3638.1599,1081.85,42898.3702,E3,N,N
08/13/2018,8:00,12750.4404,1691.7378,2785.0713,910.8659,13183.6992,7033.1318,3585.1255,1135.9347,43076.0066,M,Y,N
08/13/2018,9:00,13629.0654,1759.8301,2867.219,985.1171,13946.1748,7387.0708,3739.7583,1276.0723,45590.3078,A3,N,N
08/13/2018,9:00,13732.8203,1770.5096,2899.4985,945.305,14027.2441,7478.9033,3698.5725,1257.5104,45810.3637,A6,N,N
08/13/2018,9:00,13320.9004,1847.37,2866.22,994.835,13833.5,7261.2002,3850.3,1316.85,45291.1756,E,N,N
08/13/2018,9:00,13452.2998,1791.66,2757.78,975.696,13912.4004,7292.6201,3820.5,973.361,44976.3173,E1,N,N
08/13/2018,9:00,13173.5,1832.88,2819.29,1025.6,13685.9004,7310.3901,3674.6899,1092.75,44615.0004,E2,N,N
08/13/2018,9:00,13379.0996,1780.41,2711.52,990.787,13892.5996,7256.27,3849.98,1082.7,44943.3662,E3,N,N
08/13/2018,9:00,13447.9473,1797.11,2820.2546,986.2234,13882.9697,7331.0757,3772.3,1166.5405,45204.4212,M,Y,N
08/13/2018,10:00,14508.2627,1907.7596,2917.1541,1085.444,14697.3545,7897.3813,4023.2986,1332.2417,48368.8965,A3,N,N
08/13/2018,10:00,14668.7266,1941.9717,2955.0222,1054.4639,15060.1113,7941.9951,4020.3254,1292.7908,48935.407,A6,N,N
08/13/2018,10:00,14365.5,2005.21,2893.51,1076.13,14647,7742.54,4147.9102,1337.21,48215.0102,E,N,N
08/13/2018,10:00,14452.7002,1955.95,2785,1058.62,14560.9004,7730.6001,4147.5898,986.693,47678.0535,E1,N,N
08/13/2018,10:00,14150.7998,1955.5601,2884.01,1118.9399,14425.5,7727.48,4026.7,1149.03,47438.0198,E2,N,N
08/13/2018,10:00,14272.5996,1927.95,2776.3701,1115.13,14583.9004,7678.1802,4161.6699,1094.6,47610.4002,E3,N,N
08/13/2018,10:00,14403.0986,1949.0669,2868.511,1084.788,14662.4609,7786.3628,4087.916,1198.761,48040.9652,M,Y,N
08/13/2018,11:00,15578.1846,2061.553,2998.5134,1158.1298,15701.6748,8507.7529,4391.3403,1384.981,51782.1298,A3,N,N
08/13/2018,11:00,15737.1719,2076.1509,3032.989,1134.1483,16195.6377,8611.8125,4380.2363,1372.6171,52540.7637,A6,N,N
08/13/2018,11:00,15499.5996,2187.3799,2968.8799,1178.28,15853.5,8262.2402,4458.8901,1368.5699,51777.3396,E,N,N
08/13/2018,11:00,15505.5,2059.78,2845.0701,1142.75,15583.5,8390.5,4497.77,1088.09,51112.9601,E1,N,N
08/13/2018,11:00,15555.7002,2095.3201,2953.55,1199.16,15514.4004,8330.2803,4471.1401,1198.6899,51318.241,E2,N,N
08/13/2018,11:00,15243.4004,2084.8,2861.1599,1197.24,15729.5996,8278.8096,4460.1001,1197.91,51053.0196,E3,N,N
08/13/2018,11:00,15519.9258,2094.1641,2943.3604,1168.2848,15763.0527,8396.8994,4443.2466,1268.4763,51597.4101,M,Y,N
08/13/2018,12:00,16547.4707,2176.2627,3075.6963,1195.4325,16679.3887,9134.7188,4689.1357,1441.4298,54939.5352,A3,N,N
08/13/2018,12:00,16761.7012,2222.1001,3098.4873,1185.2559,17300.8164,9286.5605,4675.187,1449.5706,55979.679,A6,N,N
08/13/2018,12:00,16506.1992,2294.27,3046.5801,1218.58,17001.6992,8834.1699,4746.2598,1391.83,55039.5882,E,N,N
08/13/2018,12:00,16497.9004,2214.75,2911.55,1223.12,16756.5996,8957.5098,4796.5601,1182.92,54540.9099,E1,N,N
08/13/2018,12:00,16574.9004,2223.72,3024.8701,1271.87,16790.5996,8915.2998,4805.9199,1266.9,54874.0798,E2,N,N
08/13/2018,12:00,16202.0996,2198.3101,2917.7,1253.0699,17094.9004,8754.1904,4758.79,1274.3101,54453.3705,E3,N,N
08/13/2018,12:00,16515.0469,2221.5688,3012.4805,1224.5547,16937.334,8980.4082,4745.3091,1334.4934,54971.1956,M,Y,N
08/13/2018,13:00,17187.1777,2281.3499,3123.3718,1245.9799,17409.6152,9577.8291,4917.9849,1497.2672,57240.5757,A3,N,N
08/13/2018,13:00,17531.5039,2357.1067,3140.967,1245.2478,18121.3359,9610.8086,4915.1914,1527.3367,58449.498,A6,N,N
08/13/2018,13:00,17269.9004,2405.5,3086.24,1300.34,18124.3008,9405.0498,5007.6201,1426.8199,58025.771,E,N,N
08/13/2018,13:00,17254.3008,2306.3701,2957.29,1280.99,17776.6992,9532.96,5056.3101,1251.97,57416.8902,E1,N,N
08/13/2018,13:00,17241.9004,2342.6201,3080.29,1330.83,18101,9494.7803,5073.21,1320.79,57985.4208,E2,N,N
08/13/2018,13:00,16982.3008,2318.1599,2965.48,1315.26,18223.5996,9351.5898,5005.2798,1338.78,57500.4499,E3,N,N
08/13/2018,13:00,17244.5137,2335.1846,3058.9399,1286.4413,17959.4258,9495.5029,4995.9331,1393.8274,57769.7687,M,Y,N
08/13/2018,14:00,17616.3203,2380.9707,3165.9773,1300.3374,18331.9434,10097.7207,5113.9038,1579.1245,59586.2981,A3,N,N
08/13/2018,14:00,18005.8652,2484.7502,3172.2778,1307.1516,19073.8379,10187.8252,5095.481,1629.2954,60956.4843,A6,N,N
08/13/2018,14:00,17904.0996,2516.24,3131.29,1356.9399,19204.6992,9925.6504,5182.6499,1466.01,60687.579,E,N,N
08/13/2018,14:00,17903.0996,2430.9299,3032.73,1336.46,19079,10104.2998,5313.8301,1342.42,60542.7694,E1,N,N
08/13/2018,14:00,17838.5996,2472.5,3155.29,1384.92,19136.4004,10030,5261.7798,1363.8,60643.2898,E2,N,N
08/13/2018,14:00,17695,2437.46,3013.1101,1364.1,19548,9874.3203,5210.0898,1404.9301,60547.0103,E3,N,N
08/13/2018,14:00,17827.1641,2453.8086,3111.7793,1341.6515,19062.3145,10036.6357,5196.2891,1464.2634,60493.9062,M,Y,N
08/13/2018,15:00,18387.3691,2451.2051,3240.6184,1332.3774,19305.8926,10512.127,5338.8623,1623.6354,62192.0873,A3,N,N
08/13/2018,15:00,18764.0469,2598.1189,3232.3311,1348.9237,19949.0527,10467.5479,5242.8364,1677.8682,63280.7258,A6,N,N
08/13/2018,15:00,18382.3008,2589,3186.3799,1376.14,19979.6992,10353,5333.5801,1494.28,62694.38,E,N,N
08/13/2018,15:00,18562.1992,2537.04,3083.47,1427.04,19974.1992,10566.2002,5477.2798,1409.67,63037.0984,E1,N,N
08/13/2018,15:00,18304.0996,2570.03,3217.28,1436.25,20018.6992,10475.2002,5380.0601,1398.03,62799.6491,E2,N,N
08/13/2018,15:00,18206.5,2532.8899,3085.9299,1416.11,20381.5,10358,5338.5,1536.67,62856.0998,E3,N,N
08/13/2018,15:00,18434.4199,2546.3809,3174.335,1389.4736,19934.8398,10455.3447,5351.853,1523.359,62810.0059,M,Y,N
08/13/2018,16:00,18763.668,2489.0698,3279.9412,1353.9176,19769.2227,10855.4561,5343.3369,1661.3461,63515.9584,A3,N,N
08/13/2018,16:00,19355.9375,2676.7642,3246.1184,1363.248,20402.4082,10737.2275,5259.6426,1714.3538,64755.7002,A6,N,N
08/13/2018,16:00,18646.5,2634.1599,3207.1001,1400.99,20417.4004,10675,5378.2998,1501.5699,63861.0201,E,N,N
08/13/2018,16:00,18729.8008,2570.4399,3121.22,1463.13,20575.6992,10942.4004,5567.7402,1457.34,64427.7705,E1,N,N
08/13/2018,16:00,18521.5,2615.78,3253.6101,1469.8199,20413.3008,10802.4004,5441.4199,1437.58,63955.4111,E2,N,N
08/13/2018,16:00,18530.5996,2579.5601,3082.5701,1447.41,20826.3008,10730.7002,5390.4702,1583.02,64170.631,E3,N,N
08/13/2018,16:00,18758.002,2594.2959,3198.4268,1416.4193,20400.7227,10790.5313,5396.8184,1559.2017,64114.4181,M,Y,N
08/13/2018,17:00,18677.4434,2501.5454,3311.627,1381.3137,19755.5664,11004.6445,5333.5884,1674.4623,63640.1911,A3,N,N
08/13/2018,17:00,19558.0723,2679.3789,3265.8711,1385.0292,20217.377,10933.6143,5256.4463,1724.4602,65020.2493,A6,N,N
08/13/2018,17:00,18668.4004,2648.3301,3229.1101,1462.59,20682,10861.5,5334.1602,1508.8199,64394.9107,E,N,N
08/13/2018,17:00,18845.9004,2586.1299,3141.71,1471.1801,20932.6992,11199.7002,5614.7202,1492.03,65284.07,E1,N,N
08/13/2018,17:00,18262.8008,2635.1499,3284.77,1486.72,20847.4004,11036.7002,5400.1099,1459.65,64413.3012,E2,N,N
08/13/2018,17:00,18516.5,2591.1899,3147.52,1474.26,21200.5,10840.2002,5374.8198,1640.1801,64785.17,E3,N,N
08/13/2018,17:00,18754.8535,2606.9541,3230.1016,1443.5154,20605.9238,10979.3936,5385.6411,1583.2671,64589.6502,M,Y,N
08/13/2018,18:00,18227.709,2484.7129,3337.2593,1375.288,20397.7793,11260.2471,5240.6792,1709.6995,64033.3743,A3,N,N
08/13/2018,18:00,19088.3008,2736.9792,3279.897,1385.8455,20745.4785,11209.6396,5204.0024,1758.812,65408.955,A6,N,N
08/13/2018,18:00,18369.3008,2637.98,3226.48,1463.25,20689.3008,10952.5996,5287.54,1516.17,64142.6212,E,N,N
08/13/2018,18:00,18542.3008,2571.27,3107.3601,1445.48,21168.4004,11244.5,5438.54,1499.64,65017.4913,E1,N,N
08/13/2018,18:00,17872.0996,2618.4099,3275.8201,1475.63,20885.4004,11163.0996,5298.2402,1469.61,64058.3098,E2,N,N
08/13/2018,18:00,18351.0996,2549,3106.1599,1466.4301,21202.5,11030.9004,5277.1401,1661.3,64644.5301,E3,N,N
08/13/2018,18:00,18408.4688,2599.7253,3222.1628,1435.3206,20848.1445,11143.498,5291.0239,1602.5386,64550.8825,M,Y,N
08/13/2018,19:00,17585.3184,2461.1653,3308.7097,1334.803,19811.9434,11216.9033,5056.2749,1690.6512,62465.7692,A3,N,N
08/13/2018,19:00,18408.6816,2682.9246,3254.0369,1336.0383,20268.4043,11200,5071.8882,1738.3735,63960.3474,A6,N,N
08/13/2018,19:00,17726.8008,2592.0901,3190.3301,1405.76,20343.1992,10847.7998,5134.1099,1523.05,62763.1399,E,N,N
08/13/2018,19:00,17793.8008,2504.3,3099.3701,1428.26,20551.0996,11119.5,5300.7798,1471.8101,63268.9204,E1,N,N
08/13/2018,19:00,17462.5996,2542.4199,3231.4299,1433.23,20462.3008,11065.2002,5149.3701,1460.72,62807.2705,E2,N,N
08/13/2018,19:00,17709.8008,2491.6001,3106.95,1413.0601,20810,10887.7002,5136.3999,1643.0601,63198.5712,E3,N,N
08/13/2018,19:00,17781.168,2545.7498,3198.4709,1391.8586,20374.4922,11056.1836,5141.4707,1587.9442,63077.338,M,Y,N
08/13/2018,20:00,16985.666,2347.0552,3294.3604,1252.5649,19014.4668,10723.2773,4859.7363,1663.0179,60140.1448,A3,N,N
08/13/2018,20:00,17758.166,2547.3811,3260.0408,1250.3014,19445.168,10606.0879,4908.5942,1705.2744,61481.0138,A6,N,N
08/13/2018,20:00,17045.3008,2482.8201,3187.1201,1333.5601,19662,10469,4953.6001,1508.64,60642.0412,E,N,N
08/13/2018,20:00,17074,2362.4299,3051.02,1364.91,19633,10732.5,5107.2798,1481.84,60806.9797,E1,N,N
08/13/2018,20:00,16836.9004,2422.72,3185.51,1349.51,19729.5996,10676.0996,4956.1299,1431.99,60588.4595,E2,N,N
08/13/2018,20:00,16870.4004,2422.6699,3069.1899,1325.85,20361.3008,10551.7998,4956.7002,1565.8199,61123.7309,E3,N,N
08/13/2018,20:00,17095.0742,2430.8459,3174.5405,1312.7827,19640.9238,10626.4609,4957.0068,1559.4304,60797.0652,M,Y,N
08/13/2018,21:00,16597.373,2298.834,3225.0757,1183.5662,18234.7598,10318.8193,4711.8604,1605.2551,58175.5435,A3,N,N
08/13/2018,21:00,17269.0957,2450.6997,3194.4331,1184.4662,18718.5801,10307.8936,4734.0537,1640.2272,59499.4493,A6,N,N
08/13/2018,21:00,16629.1992,2430.3601,3148.8601,1267.99,19105.4004,10143.2002,4822.6899,1477.21,59024.9099,E,N,N
08/13/2018,21:00,16688.0996,2329.9399,3004.3301,1290.02,19125.5996,10393.0996,5033.3701,1415.5601,59280.019,E1,N,N
08/13/2018,21:00,16266.4004,2357.47,3153.54,1302.23,19177.1992,10313.4004,4833.5298,1403,58806.7698,E2,N,N
08/13/2018,21:00,16541.1992,2321.47,2997.8101,1259.1899,19282.6992,10173.5996,4822.8901,1561.0601,58959.9182,E3,N,N
08/13/2018,21:00,16665.2285,2364.7957,3120.675,1247.9104,18940.707,10275.0029,4826.3994,1517.0522,58957.7711,M,Y,N
08/13/2018,22:00,16105.6904,2208.5371,3151.825,1144.6436,17488.4258,9854.6045,4626.2808,1580.0475,56160.0547,A3,N,N
08/13/2018,22:00,16634.7656,2332.6443,3119.7908,1143.6748,17962.3691,9858.1592,4637.5503,1600.4869,57289.441,A6,N,N
08/13/2018,22:00,15970.7998,2325.1101,3108.6499,1209.47,18399.8008,9692.6797,4709.2798,1479.09,56894.8801,E,N,N
08/13/2018,22:00,16126.7002,2206.1201,2989.0601,1226.05,18463.1992,9951.4297,4857.71,1422.52,57242.7893,E1,N,N
08/13/2018,22:00,15695.5,2266.6299,3117.3,1254.39,18360.9004,9788.6699,4755.6201,1373.04,56612.0503,E2,N,N
08/13/2018,22:00,15874.4004,2219.1399,2970.29,1212.22,18644.5996,9788.4502,4701.6802,1510.75,56921.5303,E3,N,N
08/13/2018,22:00,16067.9766,2259.697,3076.1528,1198.4081,18219.8828,9822.332,4714.687,1494.3224,56853.4587,M,Y,N
08/13/2018,23:00,14947.127,2055.1489,3039.7107,1074.8496,16133.7783,9032.7402,4304.2217,1499.5397,52087.1161,A3,N,N
08/13/2018,23:00,15356.3701,2126.8662,2996.1555,1058.2622,16564.6309,9116.8154,4328.6753,1506.0874,53053.863,A6,N,N
08/13/2018,23:00,14925.2002,2153.3701,3029.7,1134.3101,16984.6992,8924.2402,4390.4502,1428.78,52970.75,E,N,N
08/13/2018,23:00,14797.9004,2049.74,2896.3301,1164.59,17097.1992,9057.0498,4555.3799,1260.1899,52878.3793,E1,N,N
08/13/2018,23:00,14788.7002,2070.8301,3034.4099,1181.1,16822.8008,8986.0498,4459.0098,1289.75,52632.6506,E2,N,N
08/13/2018,23:00,14790.7002,2057.1201,2901.0601,1149.6,17347,9016.5,4387.27,1418.48,53067.7304,E3,N,N
08/13/2018,23:00,14934.334,2085.5127,2982.8943,1127.1187,16825.0176,9022.2324,4404.168,1400.4712,52781.7489,M,Y,N
08/13/2018,24:00,13799.7666,1876.3728,2919.4277,994.428,14766.1865,8113.2925,3951.3965,1424.6063,47845.4769,A3,N,N
08/13/2018,24:00,14015.1016,1937.385,2862.512,961.7202,15196.7041,8122.2427,3980.2793,1427.3201,48503.265,A6,N,N
08/13/2018,24:00,13851,1976.11,2937.0801,1011.56,15459.5,8092.3599,4064.47,1362.54,48754.62,E,N,N
08/13/2018,24:00,13330.2998,1871.5,2820.1101,1060.14,15630.5996,8250.25,4276.9902,1128.09,48367.9797,E1,N,N
08/13/2018,24:00,13761,1886.4301,2966.73,1085.77,15274.9004,8161.0298,4103.6899,1199.42,48438.9702,E2,N,N
08/13/2018,24:00,13682.7002,1875.53,2798.9299,1052.03,15879.2002,8180.7202,4064.0701,1290.42,48823.6006,E3,N,N
08/13/2018,24:00,13739.9785,1903.8882,2884.1316,1027.608,15367.8496,8153.3164,4073.4827,1305.3994,48455.6544,M,Y,N
08/14/2018,1:00,12956.3477,1723.8838,2860.2844,940.0165,13744.5117,7397.6597,3682.4824,1373.8696,44679.0558,A3,N,N
08/14/2018,1:00,13085.7334,1776.7771,2817.0813,923.7134,14262.8828,7539.8232,3717.959,1443.9451,45567.9153,A6,N,N
08/14/2018,1:00,12895.7998,1815.51,2911.1799,951.898,14249.5,7336.5498,3791.3401,1362.23,45314.0076,E,N,N
08/14/2018,1:00,12429.7998,1722.11,2755.02,971.697,14412.7998,7576.5098,4000.9199,1035.87,44904.7263,E1,N,N
08/14/2018,1:00,12763.5,1719.64,2917.05,1010.96,13981.2998,7413.3398,3778.46,1132.9399,44717.1895,E2,N,N
08/14/2018,1:00,12749.9004,1725.51,2730.21,1003.21,14527.4004,7400.8999,3806.96,1206.8,45150.8907,E3,N,N
08/14/2018,1:00,12813.5127,1747.2385,2831.8042,966.9158,14196.3994,7444.1309,3796.3538,1259.2758,45055.6311,M,Y,N
08/14/2018,2:00,12447.335,1618.7578,2808.6365,903.2498,12995.5068,6856.687,3493.074,1319.3376,42442.5845,A3,N,N
08/14/2018,2:00,12538.6406,1648.6345,2751.2854,881.5414,13541.9404,6926.0703,3503.7297,1386.6318,43178.4741,A6,N,N
08/14/2018,2:00,12163.0996,1684.5699,2854.03,866.797,13320.2998,6776.48,3598.6201,1347.16,42611.0564,E,N,N
08/14/2018,2:00,13134.2998,1635.36,2702.52,907.437,13441.0996,7118.5,3702.8799,1012.12,43654.2163,E1,N,N
08/14/2018,2:00,12059.9004,1602.9,2863.47,960.7,13080.2002,6856.54,3560.5701,1083.99,42068.2707,E2,N,N
08/14/2018,2:00,11983.7002,1609.73,2683.3201,949.038,13261.2002,6853.5898,3616.8999,1167.71,42125.1882,E3,N,N
08/14/2018,2:00,12387.8291,1633.3254,2777.2104,911.4606,13273.375,6897.9785,3579.2957,1219.4916,42679.9663,M,Y,N
08/14/2018,3:00,12015.8809,1555.2936,2791.3608,886.1571,12478.5996,6519.4644,3358.0383,1258.931,40863.7257,A3,N,N
08/14/2018,3:00,12060.9561,1569.0862,2731.5959,859.1422,12996.7822,6604.561,3344.4541,1322.537,41489.1147,A6,N,N
08/14/2018,3:00,11635.2002,1620.0601,2844.29,853.238,12639.4004,6363.21,3471.5901,1313.6899,40740.6787,E,N,N
08/14/2018,3:00,11807.2998,1526.6899,2674.7,870.794,12698.2998,6540.8701,3507.5601,884.665,40510.8787,E1,N,N
08/14/2018,3:00,11616.5996,1519.35,2833.9299,929.511,12447.7002,6457.8799,3399.3601,1045.71,40250.0407,E2,N,N
08/14/2018,3:00,11531.7002,1530.39,2661.3201,915.968,12707.2002,6448.5,3473.5701,1100.52,40369.1686,E3,N,N
08/14/2018,3:00,11777.9395,1553.4783,2756.1992,885.8018,12661.332,6489.0811,3425.7622,1154.3422,40703.9363,M,Y,N
08/14/2018,4:00,11767.248,1508.1097,2791.6477,867.8906,12126.3164,6313.1284,3276.0229,1226.5714,39876.9351,A3,N,N
08/14/2018,4:00,11773.2705,1513.8981,2751.5085,826.808,12616.5859,6412.5625,3257.2952,1265.9712,40417.8999,A6,N,N
08/14/2018,4:00,11372.2002,1582.73,2839.1201,819.391,12265.7002,6151.6099,3374.46,1280.7,39685.9114,E,N,N
08/14/2018,4:00,11448.5,1471.4301,2670.5,877.714,12127.2998,6519.2202,3385.3101,898.312,39398.2862,E1,N,N
08/14/2018,4:00,11397.2002,1481.87,2811.3701,902.964,12130.7002,6250.2598,3304.99,1021.54,39300.8943,E2,N,N
08/14/2018,4:00,11239.0996,1507.33,2660.47,879.7,12150.7002,6287.0898,3385.54,1051.89,39161.8196,E3,N,N
08/14/2018,4:00,11499.5869,1510.8947,2754.1028,862.4114,12236.2168,6322.3125,3330.6035,1124.1641,39640.2927,M,Y,N
08/14/2018,5:00,11778.874,1489.6963,2784.5066,863.1172,12026.6992,6265.1636,3243.8022,1205.1539,39657.013,A3,N,N
08/14/2018,5:00,11753.9775,1489.6414,2764.3198,816.2254,12432.3623,6338.5649,3213.6384,1210.2181,40018.9478,A6,N,N
08/14/2018,5:00,11375.2998,1575.95,2849.24,787.853,12179.7998,6089.3799,3339.3301,1242.84,39439.6926,E,N,N
08/14/2018,5:00,11474.5,1453.9399,2649.8799,846.545,11867.2002,6097.3901,3401.27,921.333,38712.0581,E1,N,N
08/14/2018,5:00,11400.0996,1482.87,2803.98,891.731,12084.2002,6190.1401,3273.73,1017.28,39144.0309,E2,N,N
08/14/2018,5:00,11317.5,1490.79,2645.3899,864.338,12134.2998,6231.3999,3345.1599,1063.38,39092.2575,E3,N,N
08/14/2018,5:00,11516.709,1497.1479,2749.5527,844.9683,12120.7598,6202.0068,3302.822,1110.0343,39344.0008,M,Y,N
08/14/2018,6:00,11999.3965,1531.5953,2779.2444,875.5553,12268.3975,6426.1426,3289.8455,1227.2721,40397.4492,A3,N,N
08/14/2018,6:00,12012.7119,1532.0237,2777.0442,825.9991,12592.1426,6515.2822,3252.8899,1208.3719,40716.4655,A6,N,N
08/14/2018,6:00,11762.7002,1627.98,2851.6699,838.03,12552.7002,6294.4102,3413.95,1253.96,40595.4005,E,N,N
08/14/2018,6:00,11918.7002,1579.54,2674.75,854.25,12252.4004,6305.29,3431.01,906.896,39922.8366,E1,N,N
08/14/2018,6:00,11735,1533.73,2814.6599,914.452,12521.7002,6383.0698,3343.3999,1034.9,40280.9118,E2,N,N
08/14/2018,6:00,11673.2002,1541.67,2650.9299,880.255,12434.4004,6388.8999,3414.55,1064.11,40048.0154,E3,N,N
08/14/2018,6:00,11850.2852,1557.7566,2758.0498,864.757,12436.957,6385.5156,3357.6079,1115.9183,40326.8474,M,Y,N
08/14/2018,7:00,12233.8965,1595.037,2819.959,900.5814,12653.8193,6708.6821,3422.7905,1256.0703,41590.8361,A3,N,N
08/14/2018,7:00,12346.2109,1586.4504,2829.6243,844.7733,12918.7676,6835.8447,3386.9033,1206.0475,41954.622,A6,N,N
08/14/2018,7:00,12306.7998,1708.1899,2892.01,849.325,13252.7002,6716.5698,3583.5901,1250.2,42559.3848,E,N,N
08/14/2018,7:00,12246.7998,1693.45,2683.5,919.521,13204,6866.9702,3533.49,943.805,42091.536,E1,N,N
08/14/2018,7:00,12177.7998,1658.25,2846.21,972.29,13283.7002,6799.6499,3530.74,1088.36,42356.9999,E2,N,N
08/14/2018,7:00,12242.0996,1627.8199,2672.8899,913.143,13180.4004,6766.9399,3581.5901,1091.38,42076.2628,E3,N,N
08/14/2018,7:00,12258.9336,1644.8663,2790.699,899.939,13082.2314,6782.4429,3506.5171,1139.3105,42104.9398,M,Y,N
08/14/2018,8:00,12697.7393,1659.951,2839.9504,936.3656,13259.8906,7005.8643,3457.0125,1272.8442,43129.6179,A3,N,N
08/14/2018,8:00,12673.9033,1658.0236,2868.4277,885.4756,13430.6582,7111.7886,3430.2434,1229.1118,43287.6322,A6,N,N
08/14/2018,8:00,12482.5996,1769.61,2909.6101,905.562,13604.9004,6864.29,3586.2,1282.45,43405.2221,E,N,N
08/14/2018,8:00,12644.9004,1715.03,2728.5801,942.26,13530.0996,7017.1802,3660.5601,984.192,43222.8024,E1,N,N
08/14/2018,8:00,12409.5,1710.24,2866.1899,990.486,13595.5996,6943.7002,3567.6399,1110.66,43194.0156,E2,N,N
08/14/2018,8:00,12421.4004,1704.2,2685.5,935.084,13564,6945.9502,3599.01,1125.58,42980.7246,E3,N,N
08/14/2018,8:00,12555.0078,1702.8425,2816.3762,932.5389,13497.5254,6981.4619,3550.1111,1167.473,43203.3368,M,Y,N
08/14/2018,9:00,13445.4873,1783.6213,2894.8259,1006.0616,13909.4941,7390.8315,3650.991,1306.7764,45388.0891,A3,N,N
08/14/2018,9:00,13487.0732,1783.4939,2921.2197,966.1139,14192.1055,7457.2568,3632.0588,1268.1335,45707.4553,A6,N,N
08/14/2018,9:00,13172.2998,1848.38,2921.3201,990.03,14215.0996,7118.2598,3786.3501,1293.21,45344.9494,E,N,N
08/14/2018,9:00,13272.5,1822.64,2777.8601,1000.65,14243.9004,7310.2598,3801.75,1025.53,45255.0903,E1,N,N
08/14/2018,9:00,13046.2002,1830.22,2886.8999,1051.52,14350.4004,7262.3198,3668.27,1142.21,45238.0403,E2,N,N
08/14/2018,9:00,13061.7002,1788.78,2705.5801,1009.29,14323.2002,7237.8398,3807.8,1144.34,45078.5303,E3,N,N
08/14/2018,9:00,13247.5439,1809.5226,2851.2842,1003.9443,14205.7002,7296.1284,3724.5366,1196.7,45335.3602,M,Y,N
08/14/2018,10:00,14314.9854,1920.5543,2948.1772,1110.1555,15019.7031,7903.0518,3938.3218,1354.5762,48509.5253,A3,N,N
08/14/2018,10:00,14392.3027,1953.6689,2985.5435,1079.0767,15364.7061,7937.0562,3941.511,1323.9614,48977.8265,A6,N,N
08/14/2018,10:00,14176.2002,2005.88,2952.1001,1093.91,15148.5,7621.8101,4084.01,1318.58,48400.9904,E,N,N
08/14/2018,10:00,14272.2002,1990.0601,2782.9399,1065.84,14955.7998,7808.1001,4104.7598,1067.14,48046.8399,E1,N,N
08/14/2018,10:00,13979.2002,1951.35,2957.3101,1142.1899,15146.2002,7696.3101,3998.8501,1209.14,48080.5506,E2,N,N
08/14/2018,10:00,13972.5996,1953.58,2785.8,1132.1,15078.2002,7687.0698,4101.5298,1203.39,47914.2694,E3,N,N
08/14/2018,10:00,14184.583,1962.5156,2901.9788,1103.8787,15118.8516,7775.5664,4028.1638,1246.1313,48321.6692,M,Y,N
08/14/2018,11:00,15433.2295,2087.3389,3031.0703,1190.7472,16276.1992,8513.7881,4295.5635,1419.9984,52247.9351,A3,N,N
08/14/2018,11:00,15592.8799,2106.7456,3067.1277,1168.918,16740.4922,8609.0225,4304.0029,1415.106,53004.2948,A6,N,N
08/14/2018,11:00,15308.2998,2190.4399,3040.97,1180.16,16405,8166.3301,4409.0498,1370.01,52070.2596,E,N,N
08/14/2018,11:00,15336.4004,2099.49,2849.54,1142.8101,15966.7998,8487.3203,4441.2202,1193.2,51516.7808,E1,N,N
08/14/2018,11:00,15401.2002,2099.1101,3034.4299,1218.9399,16259.0996,8311.9805,4426.4399,1276.9301,52028.1302,E2,N,N
08/14/2018,11:00,14988.2998,2133.49,2843.1001,1208.51,16302.4004,8280.8701,4387.6899,1323.1,51467.4603,E3,N,N
08/14/2018,11:00,15343.3857,2119.4358,2977.7065,1185.0142,16324.998,8394.8848,4377.3276,1333.0574,52055.81,M,Y,N
08/14/2018,12:00,16275.9189,2219.8062,3122.5146,1242.8962,17413.2891,9140.6328,4585.1084,1486.113,55486.2792,A3,N,N
08/14/2018,12:00,16507.4746,2250.6262,3146.6272,1237.7073,17913.3516,9284.3389,4587.8164,1492.1294,56420.0716,A6,N,N
08/14/2018,12:00,16333.0996,2314.7,3128.3301,1224.27,17610.1992,8781.8096,4692.48,1408.4,55493.2885,E,N,N
08/14/2018,12:00,16365.2002,2246.75,2908.8,1214.72,17179.4004,9101.9404,4758.5601,1230.75,55006.1211,E1,N,N
08/14/2018,12:00,16449,2239.9099,3117.6499,1295.92,17563.6992,8970.8398,4753.2202,1361.98,55752.219,E2,N,N
08/14/2018,12:00,16001.7998,2238.6101,2924.4199,1270.91,17701,8845.0195,4704.5698,1337.73,55024.0591,E3,N,N
08/14/2018,12:00,16322.083,2251.7339,3058.0571,1247.7373,17563.4902,9020.7637,4680.2925,1386.1837,55530.3414,M,Y,N
08/14/2018,13:00,16981.5742,2346.7842,3181.1699,1303.006,18517.7207,9625.0352,4819.5112,1573.1365,58347.9379,A3,N,N
08/14/2018,13:00,17248.3203,2383.8677,3205.4023,1309.8665,19042.2793,9660.002,4827.8799,1584.5974,59262.2154,A6,N,N
08/14/2018,13:00,17165.5,2435.98,3179.3899,1317.54,18741.4004,9397.21,4941.5601,1456.45,58635.0304,E,N,N
08/14/2018,13:00,17162,2345.5601,2976.05,1305.78,18488.1992,9706.1104,5051.75,1309.79,58345.2397,E1,N,N
08/14/2018,13:00,17185.8008,2367.1699,3182.76,1365.3101,18769.8008,9587.2695,5009.98,1426.3199,58894.411,E2,N,N
08/14/2018,13:00,16943.3008,2363.1499,2999.71,1339.14,18906.6992,9444.75,4956.7998,1406.0601,58359.6098,E3,N,N
08/14/2018,13:00,17114.416,2373.7522,3120.7471,1323.4404,18744.3516,9570.0625,4934.5801,1459.3923,58640.7422,M,Y,N
08/14/2018,14:00,17598.0898,2455.759,3234.6775,1364.1396,19659.4883,10158.8604,5013.0024,1657.7609,61141.7779,A3,N,N
08/14/2018,14:00,17868.8281,2513.8462,3257.0371,1378.1074,20188.877,10221.9795,4987.2427,1691.9128,62107.8308,A6,N,N
08/14/2018,14:00,17858.1992,2552.03,3224.3701,1369.2,19803.1992,9978.5098,5141.23,1504.72,61431.4583,E,N,N
08/14/2018,14:00,17835.6992,2467.79,3041.6101,1351.27,19598,10248.7998,5283.73,1368.8199,61195.719,E1,N,N
08/14/2018,14:00,17850.5996,2498.1201,3256.01,1432.74,19847,10174.2998,5197.3398,1488.37,61744.4793,E2,N,N
08/14/2018,14:00,17600.1992,2493.5701,3065.72,1398.88,20170.5,10026.5,5164.29,1469.53,61389.1893,E3,N,N
08/14/2018,14:00,17768.6035,2496.8525,3179.9041,1382.3896,19877.8457,10134.8242,5131.1387,1530.1855,61501.7438,M,Y,N
08/14/2018,15:00,17922.2109,2527.6594,3308.6528,1400.6191,20716.5742,10534.0996,5200.668,1716.2805,63326.7645,A3,N,N
08/14/2018,15:00,18504.584,2611.7617,3328.175,1424.0945,21213.1563,10551.6748,5099.7319,1747.6881,64480.8663,A6,N,N
08/14/2018,15:00,18314.5,2629.1499,3279.1699,1407,20642,10438.2998,5281.9902,1528,63520.1098,E,N,N
08/14/2018,15:00,18540.8008,2571.97,3095.0601,1460.4,20651.8008,10705.2002,5435,1499.46,63959.6919,E1,N,N
08/14/2018,15:00,18234.6992,2598.75,3310.5801,1491.24,20674.9004,10601.7998,5329.4302,1535.26,63776.6597,E2,N,N
08/14/2018,15:00,18172.1992,2568,3084.3799,1456.13,21138.5,10448.2002,5301.1001,1575.33,63743.8394,E3,N,N
08/14/2018,15:00,18281.5,2584.5486,3234.3364,1439.9141,20839.4902,10546.5469,5274.6533,1600.3364,63801.3259,M,Y,N
08/14/2018,16:00,18414.0566,2566.0571,3341.9155,1430.8807,21299.2637,10865.0869,5289.9873,1754.7683,64962.0161,A3,N,N
08/14/2018,16:00,19075.0098,2689.9282,3337.7268,1449.2988,21803.7461,10834.2773,5204.187,1781.8077,66175.9817,A6,N,N
08/14/2018,16:00,18547.5996,2684.75,3308.1001,1442.9399,21190.5,10769.2002,5338.1299,1544.58,64825.7997,E,N,N
08/14/2018,16:00,18715,2611.0701,3133.6201,1486.99,21326.0996,11052.2998,5532.5,1549.1899,65406.7695,E1,N,N
08/14/2018,16:00,18337.8008,2644.8999,3345.8701,1525.92,21225.9004,10941.2002,5405.8101,1586.6899,65014.0914,E2,N,N
08/14/2018,16:00,18504.1992,2629.6101,3088.52,1488.36,21638.9004,10846.7002,5353.6602,1620.76,65170.7101,E3,N,N
08/14/2018,16:00,18598.9453,2637.7192,3259.2922,1470.7317,21414.0703,10884.7939,5354.0459,1639.6327,65259.2312,M,Y,N
08/14/2018,17:00,18456.2891,2565.5134,3367.342,1458.3315,21390.3555,11023.0576,5236.1289,1771.3177,65268.3357,A3,N,N
08/14/2018,17:00,19268.0762,2704.0854,3342.3042,1473.2113,21718.5859,11138.4541,5165.8916,1790.2981,66600.9068,A6,N,N
08/14/2018,17:00,18573.8008,2701.3799,3329.6499,1521.23,21514.9004,10958.5,5342.9199,1573.03,65515.4109,E,N,N
08/14/2018,17:00,18793.6992,2620.8201,3157.8501,1484.25,21714.4004,11323.2998,5569.1499,1561.55,66225.0195,E1,N,N
08/14/2018,17:00,18088.4004,2668.3201,3368.8601,1540.4,21628.8008,11159.9004,5389.3301,1622.35,65466.3619,E2,N,N
08/14/2018,17:00,18588.9004,2668,3158.2,1513.1899,22067.6992,10944.7998,5365.7998,1673.54,65980.1291,E3,N,N
08/14/2018,17:00,18628.1953,2654.6865,3287.3677,1498.4354,21672.457,11091.3359,5344.8701,1665.3477,65842.6956,M,Y,N
08/14/2018,18:00,17798.7012,2579.4385,3394.0361,1474.6145,22067.8613,11104.8672,5140.9053,1806.4152,65366.8393,A3,N,N
08/14/2018,18:00,18629.2793,2722.4341,3347.0508,1489.7168,22282.7598,10992.3477,5095.9492,1820.6136,66380.1513,A6,N,N
08/14/2018,18:00,18323.1992,2674.01,3326.96,1500.97,21556.8008,11039.2998,5267.1899,1584.74,65273.1697,E,N,N
08/14/2018,18:00,18503.5,2606.4099,3150.25,1478.13,21776.0996,11341.4004,5429.4199,1578.49,65863.6998,E1,N,N
08/14/2018,18:00,17754.3008,2642.3301,3359.6799,1530.1,21734,11268.7998,5291.77,1630.86,65211.8406,E2,N,N
08/14/2018,18:00,18481.5,2629.73,3119.05,1509.79,21857,11093.7002,5268.6201,1705.85,65665.2403,E3,N,N
08/14/2018,18:00,18248.4141,2642.3921,3282.8379,1497.2203,21879.0879,11140.0693,5248.9756,1687.8281,65626.8253,M,Y,N
08/14/2018,19:00,17165.9434,2479.748,3369.3438,1425.9036,21302.6484,10990.1016,4967.4009,1775.7279,63476.8176,A3,N,N
08/14/2018,19:00,17913.6973,2663.8533,3323.6682,1429.3563,21647.6191,11060.8203,4968.0864,1797.7837,64804.8846,A6,N,N
08/14/2018,19:00,17762.8008,2617.3301,3295.8501,1439.28,21188.5996,10927.2998,5118.5801,1592.48,63942.2205,E,N,N
08/14/2018,19:00,17765.0996,2536.5,3141.24,1455.8101,21282.1992,11235.0996,5246.8701,1544.6,64207.4186,E1,N,N
08/14/2018,19:00,17406.1992,2560.53,3322.6799,1491.78,21323.9004,11206.5,5135.98,1612.8,64060.3695,E2,N,N
08/14/2018,19:00,17793.6992,2533.8101,3131.8401,1460.22,21577.5996,11004,5125.1001,1692.74,64319.0091,E3,N,N
08/14/2018,19:00,17634.5742,2565.2954,3264.1038,1450.3917,21387.0938,11070.6367,5093.6699,1669.3552,64135.1207,M,Y,N
08/14/2018,20:00,16559.1621,2373.4678,3355.7927,1336.7708,20407.7246,10525.9912,4777.022,1749.0925,61085.0237,A3,N,N
08/14/2018,20:00,17246.5664,2538.5259,3330.5339,1338.4927,20740.5098,10575.3271,4809.1792,1765.0334,62344.1684,A6,N,N
08/14/2018,20:00,17121.6992,2500.45,3283.8701,1358,20431.8008,10567.5,4927.21,1580.13,61770.6601,E,N,N
08/14/2018,20:00,17084.8008,2398.8501,3099.25,1390.11,20380.6992,10836.2002,5004.3101,1503.73,61697.9504,E1,N,N
08/14/2018,20:00,16855.1992,2439.0801,3272.8,1409.29,20555.5,10809.9004,4934.1899,1574.47,61850.4296,E2,N,N
08/14/2018,20:00,17169.9004,2455.49,3068.5601,1376,20994.5996,10731.5,4934.9302,1627.5699,62358.5502,E3,N,N
08/14/2018,20:00,17006.2207,2450.9773,3235.1348,1368.1106,20585.1387,10674.4033,4897.8071,1633.3379,61851.1304,M,Y,N
08/14/2018,21:00,16249.7324,2322.0737,3286.7761,1257.1775,19554.4102,10133.7119,4652.6787,1686.1952,59142.7557,A3,N,N
08/14/2018,21:00,16896.041,2442.7705,3264.9854,1265.6572,19946.8867,10211.3008,4658.7412,1697.2178,60383.6006,A6,N,N
08/14/2018,21:00,16770.1992,2455.8101,3242.1399,1289.87,19712.4004,10258,4797.1001,1533.9,60059.4197,E,N,N
08/14/2018,21:00,16820.9004,2350.1799,3053.6899,1314.6,19704.0996,10516.9004,4985.6899,1500.64,60246.7001,E1,N,N
08/14/2018,21:00,16412.4004,2373.99,3240.25,1353.45,19857.9004,10511.7002,4800.0498,1529.73,60079.4708,E2,N,N
08/14/2018,21:00,16773,2372.28,3030.55,1305.9301,19885,10388.4004,4818.77,1605.66,60179.5905,E3,N,N
08/14/2018,21:00,16653.7129,2386.1841,3186.3984,1297.7808,19776.7832,10336.6689,4785.5049,1592.2238,60015.257,M,Y,N
08/14/2018,22:00,15904.3643,2231.9558,3214.1414,1202.4115,18754.207,9766.71,4552.8052,1645.6035,57272.1987,A3,N,N
08/14/2018,22:00,16442.0254,2342.2925,3194.1465,1215.8564,19130.6484,9866.0635,4551.8057,1650.3068,58393.1452,A6,N,N
08/14/2018,22:00,16116.2002,2333.8,3201.96,1239.4,18895.0996,9799.0703,4694.25,1531.26,57811.0401,E,N,N
08/14/2018,22:00,16274.4004,2236.99,3024.5701,1243.3199,18939.4004,10064.5996,4815.5498,1429.92,58028.7502,E1,N,N
08/14/2018,22:00,15840.2002,2276.21,3208.25,1295.13,18927.9004,10003.2998,4725.7202,1491.03,57767.7406,E2,N,N
08/14/2018,22:00,16111.2998,2258.97,2999.51,1247.62,19205,10008.9004,4690.6401,1564.48,58086.4203,E3,N,N
08/14/2018,22:00,16114.749,2280.0366,3140.4302,1240.6229,18975.377,9918.1084,4671.7954,1552.1001,57893.2196,M,Y,N
08/14/2018,23:00,14859.3252,2079.7905,3098.3491,1122.6256,17174.3672,8934.0068,4262.0391,1557.6188,53088.1223,A3,N,N
08/14/2018,23:00,15233.7402,2153.4121,3075.7073,1124.6573,17528.8906,9009.6895,4280.0884,1553.3954,53959.5808,A6,N,N
08/14/2018,23:00,15062.4004,2160.6299,3104.6499,1112.1899,17432.3008,9034.2305,4381.4302,1475.14,53762.9716,E,N,N
08/14/2018,23:00,14958.7002,2084.8,2931.8501,1162.52,17609.5996,9243.0996,4514.6899,1359.24,53864.4994,E1,N,N
08/14/2018,23:00,14943.7998,2088.29,3117,1205.63,17358.0996,9181.6201,4432.6201,1396.5,53723.5596,E2,N,N
08/14/2018,23:00,15070.7998,2078.96,2908.6001,1169.84,17849.1992,9258.8301,4390.96,1474.98,54202.1692,E3,N,N
08/14/2018,23:00,15021.46,2107.6472,3039.3594,1149.5771,17492.0762,9110.2461,4376.9712,1469.479,53766.8162,M,Y,N
08/14/2018,24:00,13830.5723,1891.4762,2970.9045,1035.1704,15668.2236,8140.0225,3921.439,1471.4672,48929.2757,A3,N,N
08/14/2018,24:00,14073.5264,1968.202,2943.99,1023.8917,16010.001,8210.2715,3943.4778,1468.3931,49641.7535,A6,N,N
08/14/2018,24:00,14029.5996,1988.75,2996.6899,1034.77,15935.5,8242.7402,4067.1899,1414.1899,49709.4295,E,N,N
08/14/2018,24:00,13601.5996,1902.2,2847.98,1083.98,16035.0996,8471.3799,4243.8301,1230.39,49416.4592,E1,N,N
08/14/2018,24:00,13964.5,1910,3040.76,1121.02,15851.5996,8359.1904,4098.6201,1294.6899,49640.38,E2,N,N
08/14/2018,24:00,14082.5,1895.53,2811.8101,1081.51,16335,8446.1396,4071.0701,1347.92,50071.4798,E3,N,N
08/14/2018,24:00,13930.3848,1926.0264,2935.3557,1063.3904,15972.5713,8311.623,4057.605,1371.175,49568.1316,M,Y,N
08/15/2018,1:00,13019.8291,1737.6521,2905.6624,972.5056,14505.1797,7425.4243,3636.5396,1415.2535,45618.0463,A3,N,N
08/15/2018,1:00,13198.9932,1811.7828,2892.0942,976.618,14957.374,7545.9849,3671.6072,1484.1384,46538.5927,A6,N,N
08/15/2018,1:00,13109,1834.97,2964.1001,1006.02,14764.2002,7526.1499,3804.3,1411.48,46420.2202,E,N,N
08/15/2018,1:00,12767.4004,1760.5,2783.0901,1030.84,14776.2998,7809.9902,3981.29,1159.95,46069.3605,E1,N,N
08/15/2018,1:00,12988.0996,1754.26,2980.1699,1050.45,14530.9004,7598.6401,3785.98,1215.15,45903.65,E2,N,N
08/15/2018,1:00,13180.9004,1746.6,2749.4099,1041.77,14971.9004,7649.1299,3814.5601,1270.3101,46424.5808,E3,N,N
08/15/2018,1:00,13044.0371,1774.2943,2879.0879,1013.034,14750.9766,7592.5532,3782.3796,1326.047,46162.4097,M,Y,N
08/15/2018,2:00,12449.2813,1632.2332,2851.6597,931.4214,13551.4141,6924.3638,3446.4907,1357.932,43144.7962,A3,N,N
08/15/2018,2:00,12568.1504,1682.0084,2819.7117,927.2245,14033.1807,7018.5098,3464.5662,1425.9398,43939.2915,A6,N,N
08/15/2018,2:00,12375.2998,1710.98,2901.3501,945.695,13803.7998,6960.8999,3614.6599,1383.89,43696.5745,E,N,N
08/15/2018,2:00,13429.4004,1685.89,2734.7,1011.79,13867.4004,7335.1201,3695.1399,1148.5601,44908.0009,E1,N,N
08/15/2018,2:00,12265.7002,1639.71,2924.2,995.927,13558,7018.7002,3562.0701,1157.15,43121.4575,E2,N,N
08/15/2018,2:00,12404.2002,1634.47,2708.96,986.706,13778.0996,7020.5801,3621.5801,1225.17,43379.766,E3,N,N
08/15/2018,2:00,12582.0059,1664.2153,2823.4302,966.4607,13765.3164,7046.3623,3567.418,1283.1069,43698.3157,M,Y,N
08/15/2018,3:00,12016.5059,1568.7351,2833.4556,912.095,13007.1973,6604.5059,3328.8528,1292.6337,41563.9813,A3,N,N
08/15/2018,3:00,12080.3604,1601.4601,2794.0259,900.1268,13462.2666,6687.21,3329.6116,1358.2834,42213.3448,A6,N,N
08/15/2018,3:00,11850.2998,1643.9301,2879.4399,872.133,13078.7998,6540.3301,3488.8999,1346.26,41700.0926,E,N,N
08/15/2018,3:00,12127.7002,1588.59,2692.76,971.505,13009.5,6788.1201,3471.8501,1071.84,41721.8654,E1,N,N
08/15/2018,3:00,11825.7002,1553.8,2884.8201,962.266,12832.5,6586.8901,3400.28,1116.28,41162.5364,E2,N,N
08/15/2018,3:00,11911.5996,1568.89,2674.3,951.835,13095.7002,6673.0698,3489.73,1173.64,41538.7646,E3,N,N
08/15/2018,3:00,11968.6943,1587.5676,2793.1338,928.3268,13080.9941,6646.688,3418.2041,1226.4895,41650.0982,M,Y,N
08/15/2018,4:00,11818.2285,1521.611,2820.8835,892.1915,12583.3252,6369.8296,3251.356,1257.2561,40514.6814,A3,N,N
08/15/2018,4:00,11907.1338,1548.9094,2799.3813,863.0344,13016.9287,6433.5415,3242.2058,1298.6281,41109.763,A6,N,N
08/15/2018,4:00,11580.5,1601.54,2861.3501,879.091,12659.7002,6301.0801,3382.6499,1323.6,40589.5113,E,N,N
08/15/2018,4:00,11812.2998,1537.79,2690.51,932.163,12603.2002,6737.6802,3362.9399,999.863,40676.4461,E1,N,N
08/15/2018,4:00,11595.2002,1517.12,2856.8899,936.974,12474.7998,6351.4902,3293.3601,1094.34,40120.1742,E2,N,N
08/15/2018,4:00,11617.2998,1516.91,2659.0601,916.688,12528.5996,6456.0698,3393.8201,1138.4399,40226.8873,E3,N,N
08/15/2018,4:00,11721.7773,1540.6467,2781.3459,903.3571,12644.4258,6441.6152,3321.0554,1185.3545,40539.5779,M,Y,N
08/15/2018,5:00,11736.5156,1513.6317,2812.927,886.381,12455.082,6311.3286,3221.5281,1234.9471,40172.3411,A3,N,N
08/15/2018,5:00,11803.249,1524.9072,2805.6846,849.0876,12848.7188,6356.7051,3206.8701,1243.3899,40638.6123,A6,N,N
08/15/2018,5:00,11573.2998,1587.03,2867.71,851.644,12564.0996,6220.2798,3345.52,1280.59,40290.1732,E,N,N
08/15/2018,5:00,11722.5996,1524.4399,2676.04,920.056,12360.5996,6286.3501,3387.27,1006.94,39884.2952,E1,N,N
08/15/2018,5:00,11576.4004,1510.01,2846.74,924.054,12411.7998,6267.8501,3251.53,1082.8101,39871.1944,E2,N,N
08/15/2018,5:00,11613.2002,1500.14,2639.5,900.609,12607.0996,6355.3701,3345.5601,1118.15,40079.629,E3,N,N
08/15/2018,5:00,11670.8779,1526.6931,2774.7671,888.6386,12541.2344,6299.6475,3293.0464,1161.1379,40156.0429,M,Y,N
08/15/2018,6:00,12014.6836,1559.5869,2806.7275,895.142,12682.9893,6469.7944,3260.3757,1257.6116,40946.911,A3,N,N
08/15/2018,6:00,12047.2852,1569.0112,2813.4111,854.1755,13001.0977,6538.7788,3246.0139,1245.9402,41315.7136,A6,N,N
08/15/2018,6:00,11938.4004,1630.6801,2872.6101,894.721,12928.7002,6416.3501,3409.25,1288.26,41378.9719,E,N,N
08/15/2018,6:00,12194.2998,1622.11,2696.8101,937.556,12693.9004,6445.02,3393.3401,1070.4301,41053.4665,E1,N,N
08/15/2018,6:00,11872.7002,1558.14,2859.97,946.633,12860.7998,6461.6401,3314.01,1097.7,40971.5931,E2,N,N
08/15/2018,6:00,11924.5,1539.78,2657.0901,917.082,12878.9004,6522.0898,3405.05,1129.74,40974.2323,E3,N,N
08/15/2018,6:00,11998.6455,1579.8846,2784.4368,907.5516,12841.0654,6475.6123,3338.0066,1181.6136,41106.8164,M,Y,N
08/15/2018,7:00,12185.71,1626.7693,2841.1243,915.0173,13050.5928,6753.1797,3388.3262,1280.9031,42041.6227,A3,N,N
08/15/2018,7:00,12370.6162,1626.6082,2858.4458,868.6756,13334.3877,6864.9878,3381.0042,1244.0216,42548.7471,A6,N,N
08/15/2018,7:00,12435.4004,1714.27,2912.3701,911.354,13622.2002,6839.6401,3577.26,1292.8199,43305.3147,E,N,N
08/15/2018,7:00,12538.2998,1737.12,2709.74,1006.13,13591.2998,7040.7798,3482.53,1125.55,43231.4494,E1,N,N
08/15/2018,7:00,12269.2002,1689.35,2891.95,1003.81,13645.5,6882.1001,3497.25,1154.5601,43033.7204,E2,N,N
08/15/2018,7:00,12448.7998,1650.72,2673.3899,950.592,13549.0996,6897.8301,3569.3899,1153.75,42893.5713,E3,N,N
08/15/2018,7:00,12374.6709,1674.1396,2814.5034,942.5966,13465.5137,6879.7529,3482.627,1208.6008,42842.4049,M,Y,N
08/15/2018,8:00,12675.1191,1693.5409,2872.1777,948.5317,13628.2012,7018.3115,3434.5227,1303.3574,43573.7622,A3,N,N
08/15/2018,8:00,12691.0059,1699.6176,2899.9595,909.1188,13817.9531,7130.9546,3418.6443,1249.7861,43817.0399,A6,N,N
08/15/2018,8:00,12586.5,1773.05,2922.47,953.429,13968.7998,6992.2798,3592.51,1328.63,44117.6686,E,N,N
08/15/2018,8:00,12874.5996,1760.42,2739.3799,999.924,13898.5,7132.1099,3643.26,1136.39,44184.5834,E1,N,N
08/15/2018,8:00,12478,1733.35,2906.3899,1022.28,14072.5,7021.3398,3529.95,1176.2,43940.0097,E2,N,N
08/15/2018,8:00,12638.7998,1724.58,2700.4299,973,13865.7998,7068.0601,3607.0701,1190.0699,43767.8096,E3,N,N
08/15/2018,8:00,12657.3379,1730.7598,2840.1348,967.714,13875.293,7060.5088,3537.6597,1230.7389,43900.1469,M,Y,N
08/15/2018,9:00,13553.3037,1816.9778,2926.9097,1021.3636,14416.6807,7348.457,3633.7759,1337.1,46054.5684,A3,N,N
08/15/2018,9:00,13640.0596,1812.6776,2952.752,995.4904,14787.9395,7412.1392,3626.4797,1295.9573,46523.4953,A6,N,N
08/15/2018,9:00,13270.2998,1856.54,2944.54,1035.91,14679.5996,7279.8599,3803.5,1330.79,46201.0393,E,N,N
08/15/2018,9:00,13528.7002,1859.52,2762.29,1079.36,14591.5996,7430.02,3779.5701,1128.6801,46159.74,E1,N,N
08/15/2018,9:00,13145.0996,1860.08,2932.23,1089.59,15001.7998,7382.4502,3647.71,1204.72,46263.6796,E2,N,N
08/15/2018,9:00,13328.4004,1829.24,2725.24,1051.15,14696.2998,7375.46,3811.73,1222.02,46039.5402,E3,N,N
08/15/2018,9:00,13410.9785,1839.1726,2873.9937,1045.4774,14695.6543,7371.3975,3717.1277,1253.2113,46207.013,M,Y,N
08/15/2018,10:00,14448.8164,1953.6486,2984.0579,1132.2571,15594.4678,7879.7646,3923.8811,1387.2527,49304.1462,A3,N,N
08/15/2018,10:00,14594.0098,1985.2112,3021.0691,1117.6272,16002.4824,7938.6812,3932.9185,1363.4199,49955.4193,A6,N,N
08/15/2018,10:00,14273.2998,2037.35,2976.5701,1153.8101,15753,7819.8301,4087.9399,1364.87,49466.67,E,N,N
08/15/2018,10:00,14578.2998,2016.8101,2808.7,1185.1,15430.5,7942.46,4087.6899,1143.42,49192.9798,E1,N,N
08/15/2018,10:00,14085.2998,2002.35,3000.9199,1197.83,15927.4004,7839.7202,3991.4099,1270.5,49315.4302,E2,N,N
08/15/2018,10:00,14199.5,1993.65,2803.98,1192.25,15661.5996,7855.4199,4102.8501,1299.02,49108.2696,E3,N,N
08/15/2018,10:00,14363.2051,1998.1699,2932.5496,1163.1458,15728.2412,7879.313,4021.115,1304.7471,49390.4867,M,Y,N
08/15/2018,11:00,15483.6104,2120.2195,3067.7983,1222.6583,16992.3105,8499.0586,4303.9399,1460.4701,53150.0656,A3,N,N
08/15/2018,11:00,15683.4746,2135.5039,3106.8416,1221.1914,17458.2559,8602.7686,4318.8486,1446.9839,53973.8685,A6,N,N
08/15/2018,11:00,15396.2002,2226.3,3062.8701,1258.11,17182.6992,8426.9502,4423.4502,1427.02,53403.5999,E,N,N
08/15/2018,11:00,15677,2148.49,2901.3999,1269.54,16558.6992,8628.0195,4450.1201,1235.16,52868.4287,E1,N,N
08/15/2018,11:00,15494.7998,2153.24,3079.6399,1279.91,17035.5,8462.4502,4407.3398,1347.87,53260.7497,E2,N,N
08/15/2018,11:00,15302.2998,2167.8201,2864.8301,1275.8101,17053.8008,8504.5703,4418.8501,1385.46,52973.4413,E3,N,N
08/15/2018,11:00,15506.2305,2158.5957,3013.8967,1254.5366,17046.8789,8520.6367,4387.0913,1383.8274,53271.6938,M,Y,N
08/15/2018,12:00,16415.3457,2256.1182,3159.0701,1281.4031,18248.6836,9170.0313,4607.6743,1535.386,56673.7123,A3,N,N
08/15/2018,12:00,16716.7852,2295.0117,3191.3604,1295.2107,18715.5137,9301.1514,4591.9063,1532.6147,57639.5541,A6,N,N
08/15/2018,12:00,16438.5,2356.9399,3151.77,1312.63,18487,9087.3799,4729.4399,1469.3,57032.9597,E,N,N
08/15/2018,12:00,16760.5,2306.1799,2950.5601,1328.22,17836.6992,9270.96,4770.7202,1257.47,56481.3094,E1,N,N
08/15/2018,12:00,16582.3008,2296.26,3160.77,1364.24,18326.3008,9144.5898,4758.0601,1440.29,57072.8115,E2,N,N
08/15/2018,12:00,16380.7002,2305.55,2941.1101,1343.34,18389.8008,9109.7402,4740.6899,1461.66,56672.5912,E3,N,N
08/15/2018,12:00,16549.0215,2302.6765,3092.4404,1320.8406,18334,9180.6426,4699.7485,1449.4535,56928.8236,M,Y,N
08/15/2018,13:00,17142.3848,2383.4119,3223.4592,1351.6667,19319.7637,9724.3193,4878.2998,1623.0613,59646.3667,A3,N,N
08/15/2018,13:00,17492.9629,2413.6929,3260.095,1372.6671,19878.8242,9774.9668,4862.4063,1627.8616,60683.4768,A6,N,N
08/15/2018,13:00,17308.9004,2483.54,3204.3701,1420.37,19629.5,9754.0703,5018.8799,1526.37,60346.0007,E,N,N
08/15/2018,13:00,17558,2430.6399,3020.01,1420.53,19146.5996,9894.3701,5054.6401,1338.12,59862.9097,E1,N,N
08/15/2018,13:00,17338.1992,2426.95,3226.74,1435.45,19589.3008,9800.21,5043.77,1515.09,60375.71,E2,N,N
08/15/2018,13:00,17342.0996,2425.95,3018.96,1414.5699,19703.5,9733.6797,5006.3398,1518.96,60164.059,E3,N,N
08/15/2018,13:00,17363.7598,2427.3643,3158.939,1402.5422,19544.582,9780.2695,4977.3896,1524.9105,60179.7569,M,Y,N
08/15/2018,14:00,17543.0469,2505.137,3273.3381,1419.567,20471.9941,10250.4824,5087.0762,1717.2776,62267.9193,A3,N,N
08/15/2018,14:00,17979.0254,2541.3962,3314.0464,1443.9297,21036.0313,10333.9082,5041.7646,1738.0947,63428.1965,A6,N,N
08/15/2018,14:00,18088.4004,2602.0601,3258.76,1464.74,20664.5996,10362.7998,5210.0601,1577.76,63229.18,E,N,N
08/15/2018,14:00,18212.1992,2564.3899,3072.9099,1501.6801,20369.0996,10549.7998,5294.4702,1432.4301,62996.9788,E1,N,N
08/15/2018,14:00,18074.0996,2561.2,3306.4199,1501.64,20665.4004,10398.5,5253.9399,1589.39,63350.5898,E2,N,N
08/15/2018,14:00,18062.1992,2583.0901,3087.3601,1475.65,20993.1992,10375.7998,5231.6899,1611.87,63420.8583,E3,N,N
08/15/2018,14:00,17993.1621,2559.5454,3218.8059,1467.8678,20700.0547,10378.5479,5186.5,1611.1371,63115.6209,M,Y,N
08/15/2018,15:00,18130.7617,2566.5698,3351.7551,1466.5308,21475.3594,10676.1826,5284.3296,1776.291,64727.78,A3,N,N
08/15/2018,15:00,18573.459,2637.0469,3381.2883,1492.4434,22046.0918,10657.625,5155.5723,1794.0703,65737.597,A6,N,N
08/15/2018,15:00,18639.1992,2674.98,3317.4199,1528.9399,21468.6992,10840.2002,5371.8999,1613.92,65455.2583,E,N,N
08/15/2018,15:00,18833.4004,2681.3101,3130.6001,1569.4399,21415.1992,11002.7998,5452.73,1489.2,65574.6795,E1,N,N
08/15/2018,15:00,18558.5996,2656.8799,3365.6899,1560.3199,21464.8008,10866.7998,5405.0498,1642.61,65520.7497,E2,N,N
08/15/2018,15:00,18546.1992,2655.55,3115.4399,1531.0601,21889,10823.4004,5372.6499,1658.9399,65592.2394,E3,N,N
08/15/2018,15:00,18546.9375,2645.3896,3277.0325,1524.7891,21626.5254,10811.168,5340.3721,1662.5052,65434.7194,M,Y,N
08/15/2018,16:00,18576.1523,2601.5613,3386.8774,1496.6011,22046.0859,10985.0967,5391.6997,1815.1807,66299.2551,A3,N,N
08/15/2018,16:00,19287.8926,2716.4487,3385.0591,1513.3837,22555.5,10954.1768,5270.3174,1831.5729,67514.3512,A6,N,N
08/15/2018,16:00,18917.9004,2722.4299,3348.05,1556.45,21975.3008,11177.4004,5430.9399,1639.03,66767.5014,E,N,N
08/15/2018,16:00,18982.0996,2708.99,3176.3201,1596.5,22077.8008,11350.9004,5557,1587.96,67037.5709,E1,N,N
08/15/2018,16:00,18737.4004,2704.2,3399.6399,1592.36,22025.4004,11197.2998,5495.6802,1693.0699,66845.0506,E2,N,N
08/15/2018,16:00,18927.4004,2730.74,3140.98,1561.98,22394.0996,11247,5443.2998,1696.3101,67141.8099,E3,N,N
08/15/2018,16:00,18904.8086,2697.395,3306.1548,1552.8792,22179.0313,11151.9795,5431.4897,1710.5206,66934.2587,M,Y,N
08/15/2018,17:00,18218.1738,2639.6333,3416.5276,1529.269,22377.0898,11083.3779,5325.7578,1828.4714,66418.3006,A3,N,N
08/15/2018,17:00,18838.9453,2720.1299,3393.8418,1539.6857,22674.1113,11147.9326,5217.1768,1839.4939,67371.3173,A6,N,N
08/15/2018,17:00,19027.1992,2723.6101,3371.1599,1598.5699,22196,11371,5441.3101,1667.75,67396.5992,E,N,N
08/15/2018,17:00,19153.4004,2712.29,3182.51,1594.4399,22335.5,11590.7002,5592.6201,1605.34,67766.8006,E1,N,N
08/15/2018,17:00,18554.5996,2718.98,3422.8501,1603.8,22349.8008,11436.7002,5492.1401,1723.53,67302.4008,E2,N,N
08/15/2018,17:00,18997.6992,2742.47,3175.3701,1581.95,22750.5,11332.5,5438.0601,1713.13,67731.6794,E3,N,N
08/15/2018,17:00,18798.3359,2709.5188,3327.0435,1574.6191,22447.168,11327.0352,5417.8442,1729.6191,67331.1838,M,Y,N
08/15/2018,18:00,17775.457,2581.198,3443.6812,1518.1101,22192.7148,11373.4316,5246.3818,1874.2173,66005.1918,A3,N,N
08/15/2018,18:00,18519.8379,2737.4338,3400.8274,1529.7374,22567.6035,11437.9727,5181.7881,1878.3185,67253.5193,A6,N,N
08/15/2018,18:00,18807.4004,2699.5,3371.8401,1574.65,22100.3008,11468,5378.8901,1678.0699,67078.6513,E,N,N
08/15/2018,18:00,18871.1992,2691.9399,3189.9399,1585.1,22305.5996,11628.5,5458.3301,1617.3101,67347.9188,E1,N,N
08/15/2018,18:00,18248.4004,2696,3414.6201,1586,22349.8008,11547.5996,5394.6001,1725.62,66962.641,E2,N,N
08/15/2018,18:00,18798.1992,2707.53,3168.29,1570.53,22455.5996,11518,5366.3799,1738.8,67323.3287,E3,N,N
08/15/2018,18:00,18503.418,2685.6001,3331.5332,1560.688,22328.6035,11495.585,5337.728,1752.0562,66995.212,M,Y,N
08/15/2018,19:00,17165.1934,2505.0908,3419.4229,1467.0806,21609.002,11239.7666,5044.0542,1828.3744,64277.9849,A3,N,N
08/15/2018,19:00,17841.3418,2679.3391,3378.7021,1469.146,21923.6035,11258.7998,5036.0459,1843.29,65430.2682,A6,N,N
08/15/2018,19:00,18175.3008,2639.9199,3344.1399,1500.48,21631.4004,11373.4004,5222.3301,1672,65558.9715,E,N,N
08/15/2018,19:00,18155.5996,2613.3301,3159.04,1523.49,21641.6992,11527.7002,5328.3599,1628.5699,65577.7889,E1,N,N
08/15/2018,19:00,17843.0996,2605.54,3380.28,1533.1801,21860,11462.2002,5241.8301,1693.59,65619.72,E2,N,N
08/15/2018,19:00,18239.0996,2607.75,3162.8899,1507.83,21996.6992,11439.7002,5230.4702,1717.23,65901.6691,E3,N,N
08/15/2018,19:00,17903.2734,2608.4951,3307.4126,1500.2012,21777.0684,11383.5957,5183.8486,1730.509,65394.404,M,Y,N
08/15/2018,20:00,16565.748,2388.7825,3400.3464,1375.1964,20649.0293,10811.2529,4845.1172,1799.8573,61835.33,A3,N,N
08/15/2018,20:00,17198.9023,2553.5352,3382.5574,1375.6223,20919.4551,10796.1611,4881.7559,1812.5042,62920.4935,A6,N,N
08/15/2018,20:00,17532.5996,2519.3999,3327.9099,1411.02,20793.5996,10986.9004,5027.4902,1651.28,63250.1996,E,N,N
08/15/2018,20:00,17559.5,2474.2,3103.47,1440.5601,20861.3008,11107.5996,5128.6499,1560.1801,63235.4605,E1,N,N
08/15/2018,20:00,17252.3008,2476.1699,3329.1201,1441.46,20964.5996,11105.2002,5014.0601,1646.78,63229.6907,E2,N,N
08/15/2018,20:00,17553.8008,2510.5701,3095.45,1413.73,21324.0996,11166.0996,5022.4702,1665.98,63752.2003,E3,N,N
08/15/2018,20:00,17277.1426,2487.1099,3273.1426,1409.5981,20918.6836,10995.5361,4986.5908,1689.4304,63037.2341,M,Y,N
08/15/2018,21:00,16261.1211,2334.9724,3328.8511,1278.0134,19702.7168,10429.4277,4717.3062,1725.1111,59777.5198,A3,N,N
08/15/2018,21:00,16864.0332,2458.4502,3314.5366,1287.3636,20043.002,10463.334,4731.0557,1740.037,60901.8123,A6,N,N
08/15/2018,21:00,17116.5,2462.7,3283.1799,1335.13,20022.8008,10600,4875.25,1595.27,61290.8307,E,N,N
08/15/2018,21:00,17217,2414.4199,3076.29,1388.28,20177.3008,10743.9004,5060.73,1516.59,61594.5111,E1,N,N
08/15/2018,21:00,16715,2405.3899,3293.78,1379.88,20262.4004,10688.7002,4866.7202,1598.6899,61210.5606,E2,N,N
08/15/2018,21:00,17121.6992,2426.6101,3048.5601,1336.03,20279.0996,10747.0996,4887.0801,1607.91,61454.0887,E3,N,N
08/15/2018,21:00,16882.5605,2417.0903,3224.1997,1334.1162,20081.2207,10612.0781,4856.3574,1630.6013,61038.2242,M,Y,N
08/15/2018,22:00,15823.9307,2253.5962,3255.293,1224.2604,18868.3047,10015.4697,4616.1802,1683.4712,57740.5061,A3,N,N
08/15/2018,22:00,16272.2598,2342.2756,3241.9724,1239.6433,19164.4258,10014.6738,4626.8345,1692.6809,58594.7661,A6,N,N
08/15/2018,22:00,16422.0996,2336.54,3238.3101,1284.66,19177.5,10100.7998,4739.5698,1600.8199,58900.2992,E,N,N
08/15/2018,22:00,16601.9004,2305.4199,3018.26,1303.5699,19292.1992,10250.2998,4940.71,1464.34,59176.6992,E1,N,N
08/15/2018,22:00,16108,2298.22,3254.8301,1318.28,19225.5996,10148,4771.4502,1552.83,58677.2099,E2,N,N
08/15/2018,22:00,16433.5996,2314.54,3032.1399,1274.0601,19603.0996,10341.9004,4732.1401,1583.47,59314.9497,E3,N,N
08/15/2018,22:00,16276.9658,2308.4319,3173.4675,1274.079,19221.8555,10145.1914,4737.814,1596.2686,58734.0737,M,Y,N
08/15/2018,23:00,14856.5215,2091.4324,3138.655,1134.158,17312.7988,9201.9707,4322.1909,1585.1133,53642.8406,A3,N,N
08/15/2018,23:00,15177.9785,2167.9209,3121.6892,1139.0624,17602.1289,9257.748,4354.5615,1592.5551,54413.6445,A6,N,N
08/15/2018,23:00,15345.5,2154.74,3145.74,1205.8,17713.1992,9317.0195,4442.7798,1529.86,54854.6385,E,N,N
08/15/2018,23:00,15188.9004,2136.2,2933.53,1225.59,17967.4004,9490.46,4616.0098,1344.66,54902.7506,E1,N,N
08/15/2018,23:00,15202.5,2100.5,3164.5701,1233.49,17655.5,9330.4902,4476.6699,1456.05,54619.7702,E2,N,N
08/15/2018,23:00,15373.0996,2109.7,2947.6399,1200.5699,18170.3008,9545.5098,4449.4102,1433.21,55229.4402,E3,N,N
08/15/2018,23:00,15190.75,2126.749,3075.3042,1189.7784,17736.8887,9357.2002,4443.604,1490.2415,54610.516,M,Y,N
08/15/2018,24:00,13767.7012,1911.8644,3006.9478,1041.5889,15784.6699,8358.6992,3977.8984,1497.5702,49346.94,A3,N,N
08/15/2018,24:00,14037.9814,1983.4666,2985.7361,1034.4652,16075.1416,8359.8818,4015.8704,1506.1818,49998.7249,A6,N,N
08/15/2018,24:00,14243.5,1976.5699,3032.8201,1092.42,16152.0996,8482.7598,4117.6899,1457.99,50555.8493,E,N,N
08/15/2018,24:00,13913.2998,1945.29,2844.3501,1148.12,16390.5996,8659.4805,4311.8198,1263.66,50476.6198,E1,N,N
08/15/2018,24:00,14162,1915.39,3084.1299,1142.88,16076.9004,8489.9102,4121.7202,1351.1899,50344.1206,E2,N,N
08/15/2018,24:00,14317.4004,1927.66,2834.4399,1105.83,16583.1992,8716.79,4115.4902,1350.61,50951.4197,E3,N,N
08/15/2018,24:00,14073.6475,1943.3735,2964.7375,1094.2173,16177.1016,8511.2539,4110.082,1404.5337,50278.947,M,Y,N
