DeliveryDate,HourEnding,Coast,East,FarWest,North,NorthCentral,SouthCentral,Southern,West,SystemTotal,Model,InUseFlag,DSTFlag
12/02/2022,1:00,9206.29,1463.0625,5202.5142,869.4019,11194.7031,6546.8418,3012.0376,1310.1189,38804.97,A3,N,N
12/02/2022,1:00,9088.3857,1628.9265,5397.5342,715.3076,10947.9063,6050.7969,3018.0405,1565.7367,38412.6344,A6,N,N
12/02/2022,1:00,9295.0303,1503.29,5189.6899,671.675,12112.7998,6548.04,3047.9399,1360.99,39729.4549,E,N,N
12/02/2022,1:00,9296.8701,1522.85,5186.23,675.785,12324.5,6684.8101,3047.9399,1360.12,40099.1051,E1,N,N
12/02/2022,1:00,9291.6201,1500.64,5184.1001,675.197,12100.7998,6569.0498,3045.72,1360.59,39727.7168,E2,Y,N
12/02/2022,1:00,9295.0303,1503.29,5186.9102,666.284,12106.9004,6548.04,3049.8201,1361.33,39717.605,E3,N,N
12/02/2022,1:00,9294.6377,1507.5175,5186.4546,671.6962,12160.6602,6587.4849,3048.043,1360.7915,39817.2856,M,N,N
12/02/2022,2:00,9049.252,1434.7283,5142.564,616.5543,11627.8857,6346.7446,2938.8542,1356.1415,38512.7246,A3,N,N
12/02/2022,2:00,9033.2471,1463.2974,5185.1333,579.2979,11490.8613,6202.6167,2936.9604,1391.8937,38283.3078,A6,N,N
12/02/2022,2:00,9151.6299,1439.8,5101.2798,655.062,11936.5,6354.6802,2946.01,1343.77,38928.7319,E,N,N
12/02/2022,2:00,9151.7695,1452.9301,5101.6802,662.764,12134.9004,6470.48,2946.01,1344.12,39264.6542,E1,N,N
12/02/2022,2:00,9148.6104,1437.76,5103.5298,659.266,11897.5996,6350.54,2944.7,1340.0601,38882.0659,E2,Y,N
12/02/2022,2:00,9151.6299,1439.8,5100.73,651.916,11908.7998,6354.6802,2947.8,1348.08,38903.4359,E3,N,N
12/02/2022,2:00,9150.9102,1442.5725,5101.75,656.9374,11966.6797,6382.5947,2946.3091,1344.4385,38992.1921,M,N,N
12/02/2022,3:00,8859.1445,1460.3698,5170.9297,647.1883,11796.8369,6288.1704,2884.511,1352.1608,38459.3114,A3,N,N
12/02/2022,3:00,8838.1484,1464.85,5176.0317,643.8541,11809.7158,6257.1001,2875.2126,1363.9352,38428.8479,A6,N,N
12/02/2022,3:00,8945.0596,1447.63,5216.29,628.823,11807.9004,6296.96,2921.1001,1355.72,38619.4831,E,N,N
12/02/2022,3:00,8945.5098,1461.25,5215.3999,637.317,12011,6399.1499,2921.1001,1356.95,38947.6767,E1,N,N
12/02/2022,3:00,8906.2402,1461.8101,5263.3301,625.34,11791.5,6306.5,2933.4399,1366.89,38655.0503,E2,Y,N
12/02/2022,3:00,8945.0596,1447.63,5217.3398,627.547,11799.4004,6296.96,2921.6899,1353.9301,38609.5568,E3,N,N
12/02/2022,3:00,8935.4668,1454.5801,5228.1948,629.6292,11851.5996,6324.8926,2924.3916,1358.1935,38706.9482,M,N,N
12/02/2022,4:00,8947.9854,1391.5553,5188.0332,633.8104,11544.792,6177.1431,2853.3457,1316.6422,38053.3073,A3,N,N
12/02/2022,4:00,8890.8047,1428.9563,5187.1729,635.5123,11516.5352,6131.5781,2811.3081,1328.2269,37930.0945,A6,N,N
12/02/2022,4:00,8965.8096,1413.48,5186.02,621.834,11669.2998,6270.9902,2943.1101,1333.38,38403.9237,E,N,N
12/02/2022,4:00,8966.1104,1429.78,5185.21,632.707,11853.5,6370.9399,2943.1101,1333.58,38714.9374,E1,N,N
12/02/2022,4:00,8980.0098,1394.34,5158.7998,627.381,11652,6242.25,2960.49,1324.08,38339.3506,E2,Y,N
12/02/2022,4:00,8965.8096,1413.48,5185.98,620.94,11699,6270.9902,2943.8999,1329.96,38430.0597,E3,N,N
12/02/2022,4:00,8969.4346,1412.77,5178.9985,625.6261,11721.4199,6288.7925,2947.7314,1329.908,38474.681,M,N,N
12/02/2022,5:00,9095.0898,1447.0388,5232.4111,623.6099,11836.1836,6284.2803,2956.5342,1373.5087,38848.6564,A3,N,N
12/02/2022,5:00,9053.0264,1473.5956,5216.6553,605.5397,11907.6006,6204.7344,2938.489,1438.3098,38837.9508,A6,N,N
12/02/2022,5:00,9074.5098,1464.46,5224.7402,647.894,12025.9004,6383.77,3014.27,1360.51,39196.0544,E,N,N
12/02/2022,5:00,9075.3799,1478.83,5223.9902,658.478,12233.4004,6477.23,3014.27,1361.22,39522.7985,E1,N,N
12/02/2022,5:00,9060.1104,1469.92,5228.4502,663.798,12007.9004,6347.5,3016.25,1360.11,39154.039,E2,Y,N
12/02/2022,5:00,9074.5098,1464.46,5223.1602,646.046,11971.5996,6383.77,3014.77,1359.37,39137.6856,E3,N,N
12/02/2022,5:00,9071.127,1469.4175,5224.9272,653.8692,12054.2695,6398.0674,3014.9399,1360.1885,39246.8062,M,N,N
12/02/2022,6:00,9494.3564,1537.1239,5261.4087,676.8912,12425.3721,6623.2329,2993.6025,1423.1028,40435.0905,A3,N,N
12/02/2022,6:00,9492.8643,1554.6218,5241.7803,681.2937,12478.2412,6572.0566,2983.2332,1483.7456,40487.8367,A6,N,N
12/02/2022,6:00,9571.4404,1561.84,5230.9302,703.471,12761.2998,6694.8398,3098,1407.54,41029.3612,E,N,N
12/02/2022,6:00,9571.29,1582.16,5231.3301,714.769,12968.2998,6799.4702,3098,1407.39,41372.7091,E1,N,N
12/02/2022,6:00,9590,1569.1801,5243.98,705.403,12757.2002,6685.4302,3040.3101,1411.35,41002.8536,E2,Y,N
12/02/2022,6:00,9571.4404,1561.84,5228.3501,702.494,12714.4004,6694.8398,3070.22,1401.6801,40945.2648,E3,N,N
12/02/2022,6:00,9576.043,1568.7551,5233.3896,706.4366,12795.6104,6718.645,3073.8545,1406.4041,41079.1383,M,N,N
12/02/2022,7:00,10096.5635,1705.0135,5277.6318,750.5602,13570.0449,7202.4282,3282.9265,1466.8884,43352.057,A3,N,N
12/02/2022,7:00,10061.8066,1708.8058,5187.1978,732.1594,13707.6758,7144.2222,3317.3135,1485.5552,43344.7363,A6,N,N
12/02/2022,7:00,10224.9004,1713.6899,5370.3701,772.078,13818.2002,7290,3398.3899,1483.3101,44070.9386,E,N,N
12/02/2022,7:00,10221.5,1736.8101,5367.2998,785.251,14064,7412.2002,3398.3899,1485.0699,44470.5209,E1,N,N
12/02/2022,7:00,10210.4004,1699.3101,5389.98,768.838,13805.7002,7294.4399,3404.03,1472.83,44045.5286,E2,Y,N
12/02/2022,7:00,10224.9004,1713.6899,5370.5,771.15,13852.7002,7290,3361.5801,1477.87,44062.3906,E3,N,N
12/02/2022,7:00,10220.4248,1715.875,5374.5503,774.2365,13888.5996,7321.6602,3386.9165,1479.2261,44161.489,M,N,N
12/02/2022,8:00,10394.8018,1711.9448,5358.0073,1015.8182,14006.6182,7423.6758,3397.6465,1380.9513,44689.4639,A3,N,N
12/02/2022,8:00,10374.5127,1690.6201,5363.8188,1077.7218,14123.0586,7430.0024,3385.239,1239.2374,44684.2108,A6,N,N
12/02/2022,8:00,10580.2002,1684.67,5383.8901,823.409,14279.0996,7468.0601,3397.4399,1500.88,45117.6489,E,N,N
12/02/2022,8:00,10575.2002,1708.3,5379.0298,836.084,14512.9004,7583.0898,3397.4399,1502.42,45494.4641,E1,N,N
12/02/2022,8:00,10589,1648.65,5355.71,834.507,14257.5,7378.7598,3366.21,1488.28,44918.6168,E2,Y,N
12/02/2022,8:00,10580.2002,1684.67,5386.25,822.72,14297.9004,7468.0601,3375.22,1496.49,45111.5107,E3,N,N
12/02/2022,8:00,10581.1504,1681.5725,5376.4561,829.1111,14338.7305,7474.4922,3381.8555,1496.5785,45159.9468,M,N,N
12/02/2022,9:00,10653.6328,1646.7076,5374.9883,1068.9559,13744.377,7421.0825,3296.3501,1376.5358,44582.63,A3,N,N
12/02/2022,9:00,10653.5986,1708.8123,5402.6416,1196.856,13768.707,7295.9243,3232.6409,1247.8696,44507.0503,A6,N,N
12/02/2022,9:00,10870.0996,1695.89,5346.6602,832.173,14192.5,7492.2598,3274.77,1472.8101,45177.1627,E,N,N
12/02/2022,9:00,10858.7998,1723.15,5354.54,844.587,14404.2002,7604.1699,3274.77,1472.98,45537.1969,E1,N,N
12/02/2022,9:00,10878.2998,1722.59,5354.2998,821.259,14224.5,7513.7798,3249.8301,1484.15,45248.7085,E2,Y,N
12/02/2022,9:00,10870.0996,1695.89,5347.1201,833.18,14155.4004,7492.2598,3282.6101,1468.3199,45144.8799,E3,N,N
12/02/2022,9:00,10869.3252,1709.38,5350.7012,832.9004,14240.4395,7525.6172,3271.2791,1474.116,45273.7586,M,N,N
12/02/2022,10:00,10723.3555,1675.2693,5363.3071,843.6729,13948.8809,7395.7251,3292.8848,1448.0981,44691.1937,A3,N,N
12/02/2022,10:00,10714.4385,1702.397,5266.0962,893.892,13882.1992,7275.5669,3279.6577,1485.4351,44499.6826,A6,N,N
12/02/2022,10:00,11025.5,1697.38,5351.2798,756.771,14584.7002,7429.9702,3238.3401,1422.39,45506.3313,E,N,N
12/02/2022,10:00,11008.7002,1716.4399,5363.48,766.997,14766.2002,7515.8599,3238.3401,1421.6,45797.6173,E1,N,N
12/02/2022,10:00,10928,1705.11,5398.6499,708.641,14633.2002,7409.2002,3268.6699,1433.73,45485.2012,E2,Y,N
12/02/2022,10:00,11025.5,1697.38,5358.02,759.798,14412.7002,7429.9702,3249.8,1416.95,45350.1184,E3,N,N
12/02/2022,10:00,10996.9248,1704.0775,5368.5317,748.3544,14582,7446.25,3249.9336,1423.1234,45519.1954,M,N,N
12/02/2022,11:00,11038.2676,1685.6873,5327.4399,793.4077,14434.9883,7277.2217,3226.6987,1462.1104,45245.8216,A3,N,N
12/02/2022,11:00,11025.9658,1665.071,5297.5396,772.6552,14024.5586,7300.8726,3201.3481,1468.2539,44756.2648,A6,N,N
12/02/2022,11:00,11123.7002,1758.7,5240.8999,691.702,14968.0996,7346.1899,3241.3,1417.23,45787.8216,E,N,N
12/02/2022,11:00,11119.2002,1779.41,5237.2002,701.57,15093.5,7424.0698,3241.3,1413.92,46010.1702,E1,N,N
12/02/2022,11:00,11097.2002,1786.34,5166.21,674.296,15048.2002,7299.0498,3287.05,1435.8101,45794.1563,E2,Y,N
12/02/2022,11:00,11123.7002,1758.7,5249.5898,691.68,14861.5996,7346.1899,3248.77,1412.4399,45692.6694,E3,N,N
12/02/2022,11:00,11115.9502,1770.7874,5224.3438,689.8098,14982.1992,7353.875,3255.3521,1419.371,45811.6885,M,N,N
12/02/2022,12:00,11274.0283,1673.7372,5065.0273,825.3536,14370.3164,7141.1387,3231.7981,1398.4216,44979.8212,A3,N,N
12/02/2022,12:00,11222.3623,1675.6879,5130.2915,821.5,14423.835,7142.4805,3249.3096,1379.3145,45044.7813,A6,N,N
12/02/2022,12:00,11131.4004,1726.05,5068.4102,696.691,14537,7244.6401,3191.23,1386.9,44982.3217,E,N,N
12/02/2022,12:00,11125.0996,1751.79,5066.4702,707.436,14642.4004,7341.8701,3191.23,1384.3,45210.5963,E1,N,N
12/02/2022,12:00,11162.9004,1695.16,4992.5,736.479,14560.5,7251.2998,3206.4299,1403.01,45008.2791,E2,Y,N
12/02/2022,12:00,11131.4004,1726.05,5068.4102,700.602,14728.2002,7244.6401,3203.3999,1381.38,45184.0828,E3,N,N
12/02/2022,12:00,11137.7002,1724.7625,5048.9478,710.6931,14636.1455,7270.6123,3199.2893,1388.3456,45116.4963,M,N,N
12/02/2022,13:00,11286.7344,1655.1306,5030.4624,770.1038,13934.1924,7155.9126,3184.8513,1373.7145,44391.102,A3,N,N
12/02/2022,13:00,11386.8604,1640.0713,4966.2783,654.8334,14219.9463,7188.9707,3228.0642,1450.1996,44735.2242,A6,N,N
12/02/2022,13:00,11122.2002,1718.6,4997.2598,664.912,14209.0996,7186.0601,3152.4199,1397.02,44447.5716,E,N,N
12/02/2022,13:00,11121.2998,1740.79,4999.5,667.957,14405,7284.3701,3152.4199,1398.95,44770.2868,E1,N,N
12/02/2022,13:00,11185.0996,1708.49,5049.0498,669.278,14261.5,7198.1201,3182.6201,1434.29,44688.4476,E2,Y,N
12/02/2022,13:00,11122.2002,1718.6,4997.2598,663.989,14401.2002,7186.0601,3160.99,1398.9399,44649.2392,E3,N,N
12/02/2022,13:00,11137.7002,1721.6201,5010.7676,666.4417,14338.4102,7213.6523,3162.9695,1407.4919,44659.0535,M,N,N
12/02/2022,14:00,11640.0928,1690.0217,5129.311,635.1068,13716.127,7039.0576,3285.6919,1375.3601,44510.7689,A3,N,N
12/02/2022,14:00,11605.3115,1689.7427,5049.9775,531.573,13776.2852,6991.4106,3303.0627,1387.7688,44335.132,A6,N,N
12/02/2022,14:00,11223.5,1676.37,5097.9399,642.668,13806.5,7009.1699,3264.95,1360.2,44081.2978,E,Y,N
12/02/2022,14:00,11210.0996,1703.5,5102.8599,648.421,14027.4004,7096.9199,3264.95,1362.65,44416.8008,E1,N,N
12/02/2022,14:00,11303.2998,1675.42,5184.6001,640.647,13869.2998,6949.9302,3370.1201,1354.5,44347.817,E2,N,N
12/02/2022,14:00,11223.5,1676.37,5097.9399,640.549,13975.2002,7009.1699,3265.7,1363.91,44252.339,E3,N,N
12/02/2022,14:00,11240.0996,1682.915,5120.835,642.8594,13936.4707,7016.2974,3291.5049,1360.686,44291.668,M,N,N
12/02/2022,15:00,11596.0234,1606.7693,5311.7886,657.9331,13292.5234,6949.3574,3187.7058,1340.5913,43942.6923,A3,N,N
12/02/2022,15:00,11659.2676,1617.8593,5367.4199,640.3936,13511.418,6986.6289,3220.9724,1334.1025,44338.0622,A6,N,N
12/02/2022,15:00,11386.9004,1594.83,5263.3301,609.93,13260.2002,6903.27,3180.0601,1336.84,43535.3608,E,Y,N
12/02/2022,15:00,11378,1618.75,5268.8198,616.449,13442.0996,6995.96,3180.0601,1337.59,43837.7285,E1,N,N
12/02/2022,15:00,11461.7002,1557.96,5313.9702,619.425,13278,6933.1001,3131.1899,1320.74,43616.0854,E2,N,N
12/02/2022,15:00,11386.9004,1594.83,5265.6899,610.708,13439.4004,6903.27,3179.6101,1337.83,43718.2388,E3,N,N
12/02/2022,15:00,11403.375,1591.5925,5278.1885,614.2058,13372.8447,6933.8999,3167.6851,1333.3489,43695.1404,M,N,N
12/02/2022,16:00,11686.2441,1617.9785,5309.748,793.4424,13192.1367,6897.4341,3177.0029,1343.8113,44017.798,A3,N,N
12/02/2022,16:00,11840.6504,1639.7538,5345.3169,741.3541,13370.7578,6939.3394,3277.8491,1295.0481,44450.0696,A6,N,N
12/02/2022,16:00,11296.7002,1593.04,5232.7598,594.249,13129.5996,6882.0601,3168.48,1341.27,43238.1587,E,Y,N
12/02/2022,16:00,11285.7002,1616.4,5242.3999,601.768,13318.4004,6972.5601,3168.48,1344.2,43549.9086,E1,N,N
12/02/2022,16:00,11354.2002,1558.01,5285.1899,602.505,13161.2002,6907.04,3115.1399,1327.85,43311.1352,E2,N,N
12/02/2022,16:00,11296.7002,1593.04,5234.6001,599.529,13372.9004,6882.0601,3175.49,1342.96,43497.2798,E3,N,N
12/02/2022,16:00,11308.3252,1590.1226,5248.9214,600.0408,13269.8555,6910.9297,3157.5986,1339.239,43425.0328,M,N,N
12/02/2022,17:00,11749.1436,1655.9442,5289.3843,851.6202,13196.46,6937.0957,3259.3901,1419.922,44358.9601,A3,N,N
12/02/2022,17:00,11829.5215,1716.5284,5310.2319,750.0883,13439.5273,7107.9292,3363.7944,1426.0845,44943.7055,A6,N,N
12/02/2022,17:00,11320,1604.48,5132.21,625.942,12718,6935.6299,3135,1386.88,42858.1419,E,Y,N
12/02/2022,17:00,11312.5996,1628.87,5149.46,638.75,12957.2998,6986.1099,3135,1398.33,43206.4193,E1,N,N
12/02/2022,17:00,11274.0996,1572.38,5190.1099,641.049,12812.9004,6918.9199,3084.8,1392.64,42886.8988,E2,N,N
12/02/2022,17:00,11320,1604.48,5131.8101,632.37,13063.0996,6935.6299,3165.6799,1394.76,43247.8295,E3,N,N
12/02/2022,17:00,11306.6748,1602.5525,5150.8574,635.1705,12922.335,6944.0723,3133.188,1393.9406,43088.7911,M,N,N
12/02/2022,18:00,11905.5938,1725.0933,5208.1738,938.4192,13454.9756,7174.9185,3345.7678,1449.4209,45202.3629,A3,N,N
12/02/2022,18:00,12178.9043,1781.2255,5144.2017,847.7516,13729.4688,7463.9092,3457.04,1450.4067,46052.9078,A6,N,N
12/02/2022,18:00,11677.7002,1694.98,5001.5,706.87,12733.9004,7199.8799,3176.0601,1455.0699,43645.9605,E,Y,N
12/02/2022,18:00,11683.5,1728.0699,5025.1099,723.977,13012.7998,7237.9502,3176.0601,1471.84,44059.3069,E1,N,N
12/02/2022,18:00,11568.9004,1670.8101,5117.1401,728.536,12834.2002,7184.1899,3149.5901,1492.92,43746.2868,E2,N,N
12/02/2022,18:00,11677.7002,1694.98,5048.9302,707.43,13112.5996,7199.8799,3211.26,1469.5601,44122.34,E3,N,N
12/02/2022,18:00,11651.9502,1697.21,5052.9131,716.7593,12961.2441,7205.4751,3181.7627,1473.7964,43941.1109,M,N,N
12/02/2022,19:00,11702.8945,1728.5128,5288.687,917.5804,13430.9375,7315.3906,3423.822,1489.6724,45297.4972,A3,N,N
12/02/2022,19:00,12105.332,1723.4651,5284.4893,829.3237,13709.6143,7561.8994,3544.6536,1494.4069,46253.1843,A6,N,N
12/02/2022,19:00,11858.2002,1730.3101,4866.6802,802.896,12522,7493.6802,3350.24,1504.21,44128.2167,E,Y,N
12/02/2022,19:00,11868.5,1763.8199,4901,819.543,12798.2002,7556.5098,3350.24,1533.3101,44591.123,E1,N,N
12/02/2022,19:00,11631.2998,1704.65,5138.79,824.81,12675.4004,7446.5498,3348.23,1581.13,44350.86,E2,N,N
12/02/2022,19:00,11858.2002,1730.3101,5062.9399,797.443,12836.5996,7493.6802,3371.23,1528.25,44678.653,E3,N,N
12/02/2022,19:00,11804.0498,1732.2725,5011.9785,810.6277,12739.5098,7497.6055,3357.0837,1539.1289,44492.2564,M,N,N
12/02/2022,20:00,11452.5449,1708.2078,5391.9678,924.9023,12960.502,7206.8218,3448.0732,1472.4222,44565.442,A3,N,N
12/02/2022,20:00,11886.8242,1723.226,5374.0908,793.993,13226.1787,7500.7305,3556.6614,1486.1542,45547.8588,A6,N,N
12/02/2022,20:00,11681.2002,1710.5,4765.8198,852.952,12201.2998,7421.0298,3364.8799,1450.09,43447.7715,E,Y,N
12/02/2022,20:00,11685,1743.42,4791.6201,870.674,12422.5996,7458.23,3364.8799,1475.74,43812.1636,E1,N,N
12/02/2022,20:00,11388.9004,1678.95,5102.73,868.343,12376.7998,7319.73,3359.1799,1528.49,43623.1231,E2,N,N
12/02/2022,20:00,11681.2002,1710.5,5019.8901,855.203,12386.9004,7421.0298,3382.8601,1474.03,43931.6136,E3,N,N
12/02/2022,20:00,11609.0752,1710.8425,4945.4219,862.0181,12365.46,7405.0049,3369.7478,1484.4814,43752.0518,M,N,N
12/02/2022,21:00,11199.6934,1676.8987,5453.3535,946.2559,12520.7148,7055.96,3439.7278,1444.438,43737.0421,A3,N,N
12/02/2022,21:00,11616.7217,1674.2762,5412.3091,780.691,12762.2676,7304.4692,3493.6509,1453.265,44497.6507,A6,N,N
12/02/2022,21:00,11475.5,1670.4399,4835.8701,884.82,11940.7998,7333.1499,3340.1001,1394.97,42875.6498,E,Y,N
12/02/2022,21:00,11477.7998,1704.89,4840.5,900.416,12132.9004,7373.9199,3340.1001,1428.25,43198.7762,E1,N,N
12/02/2022,21:00,11171.2998,1635.63,5088.8599,891.331,12117.2998,7190.8301,3320.99,1471.6,42887.8406,E2,N,N
12/02/2022,21:00,11475.5,1670.4399,4996.7998,891.172,12049.2002,7333.1499,3347.0801,1418.74,43182.0819,E3,N,N
12/02/2022,21:00,11400.0244,1670.3501,4956.6006,892.5699,12070.8906,7307.7627,3337.7656,1430.767,43066.7309,M,N,N
12/02/2022,22:00,10907.2002,1612.4423,5468.4995,951.3273,11956.8291,6817.9819,3388.7566,1382.7352,42485.7721,A3,N,N
12/02/2022,22:00,11259.2832,1612.5466,5391.4487,766.6445,12253.6064,7108.5313,3411.572,1392.9512,43196.5839,A6,N,N
12/02/2022,22:00,11200.5996,1621.23,4876.6602,868.843,11711.9004,7168.5601,3294.4399,1342.97,42085.2032,E,Y,N
12/02/2022,22:00,11204,1651.91,4875.48,879.387,11877.2998,7205.3501,3294.4399,1370.51,42358.3768,E1,N,N
12/02/2022,22:00,10914.7998,1579.02,5091.8301,866.551,11823.2002,6984.1699,3254.73,1394.21,41908.511,E2,N,N
12/02/2022,22:00,11200.5996,1621.23,4996.1201,873.261,11811.5996,7168.5601,3299.8301,1365.34,42336.5405,E3,N,N
12/02/2022,22:00,11130,1618.3474,4971.9688,872.4523,11815.9697,7131.6602,3286.3989,1370.4945,42197.2918,M,N,N
12/02/2022,23:00,10427.5645,1527.5068,5448.54,893.65,11429.3066,6522.3354,3268.4683,1307.6366,40825.0082,A3,N,N
12/02/2022,23:00,10795.3496,1529.0372,5395.001,715.0019,11652.4307,6759.6152,3266.6377,1337.21,41450.2833,A6,N,N
12/02/2022,23:00,10830.0996,1535.9,4878.3501,836.432,11347.7002,6827.0698,3172.73,1306.72,40735.0017,E,Y,N
12/02/2022,23:00,10833.0996,1567.28,4878.6299,847.333,11494.2998,6866.8999,3172.73,1326.67,40986.9422,E1,N,N
12/02/2022,23:00,10559.5996,1493.24,5064.8101,829.452,11368.9004,6653.1299,3114.29,1342.91,40426.332,E2,N,N
12/02/2022,23:00,10830.0996,1535.9,4933.6802,838.456,11496.0996,6827.0698,3186.6799,1329.26,40977.2451,E3,N,N
12/02/2022,23:00,10763.2246,1533.0801,4944.4004,838.1207,11441.5898,6793.543,3163.0024,1328.644,40805.605,M,N,N
12/02/2022,24:00,9967.792,1431.9591,5436.8638,846.4185,10836.3535,6186.2783,3123.3362,1242.5507,39071.5521,A3,N,N
12/02/2022,24:00,10237.9824,1425.7747,5378.9165,682.8388,11052.8613,6399.4126,3115.9067,1261.6154,39555.3084,A6,N,N
12/02/2022,24:00,10391.9004,1431.39,4849.7402,795.882,10871,6385.5,3015.0901,1233.23,38973.7327,E,Y,N
12/02/2022,24:00,10396.2002,1460.7,4827.7798,807.323,11016,6440.1499,3015.0901,1251.75,39214.993,E1,N,N
12/02/2022,24:00,10144.7002,1393.59,4964.29,788.862,10822.7998,6264.4102,2945.6899,1264.14,38588.4821,E2,N,N
12/02/2022,24:00,10391.9004,1431.39,4856.8701,795.28,11066.7998,6385.5,3046.05,1253.92,39227.7103,E3,N,N
12/02/2022,24:00,10331.1748,1429.2676,4875.3828,796.7766,10963.7295,6368.8896,3008.5762,1252.8291,39026.6262,M,N,N
12/03/2022,1:00,9548.3057,1363.7384,5418.3799,878.4677,9857.4746,5802.916,2961.2815,1255.5854,37086.1492,A3,N,N
12/03/2022,1:00,9599.4893,1439.8573,5453.6025,661.9163,9740.7715,5672.7168,2957.5156,1498.1907,37024.06,A6,N,N
12/03/2022,1:00,10020.7998,1343.86,4957.77,760.133,10431.2002,5952.9399,2854.6499,1204.01,37525.3628,E,N,N
12/03/2022,1:00,10020.2002,1381.9,4936.5,773.347,10570.5996,6016.6602,2854.6499,1226.0601,37779.917,E1,N,N
12/03/2022,1:00,9761.4902,1328.26,4892.4399,749.747,10321.2998,5920.73,2798.9399,1237.3,37010.2068,E2,N,N
12/03/2022,1:00,10020.7998,1343.86,4737.1201,758.949,10657,5952.9399,2890.22,1223.58,37584.4688,E3,Y,N
12/03/2022,1:00,9955.8223,1349.47,4858.8926,760.4256,10517.6055,5960.8174,2853.1719,1224.6946,37480.8999,M,N,N
12/03/2022,2:00,9266.5527,1322.4917,5340.2065,844.3817,9543.4209,5581.583,2879.145,1237.3857,36015.1672,A3,N,N
12/03/2022,2:00,9334.2363,1407.2682,5385.0566,592.998,9369.251,5455.625,2861.4661,1499.9137,35905.8149,A6,N,N
12/03/2022,2:00,9661.79,1269.6,4802.1299,738.101,10055.4004,5615.9902,2725.23,1202.5,36070.7415,E,N,N
12/03/2022,2:00,9653.6299,1309.96,4770.7002,752.196,10187.5,5679.5801,2725.23,1229.02,36307.8162,E1,N,N
12/03/2022,2:00,9382.96,1284.0699,4819.98,725.515,9919.8799,5664.48,2681.76,1244.0601,35722.7049,E2,N,N
12/03/2022,2:00,9661.79,1269.6,4666.5801,737.926,10250.7998,5615.9902,2756.1399,1216.16,36174.986,E3,Y,N
12/03/2022,2:00,9590.043,1283.3075,4751.293,738.417,10122.9355,5644.0103,2725.1809,1224.301,36079.4882,M,N,N
12/03/2022,3:00,9024.4609,1307.0773,5355.5933,843.6494,9431.4277,5488.6577,2816.425,1229.6106,35496.9019,A3,N,N
12/03/2022,3:00,9048.7178,1401.1105,5385.332,602.9807,9387.7041,5387.2827,2786.7878,1479.1344,35479.05,A6,N,N
12/03/2022,3:00,9421.3398,1214.3101,4702.52,735.105,9812.4199,5391.4199,2628.0601,1177.01,35082.1848,E,N,N
12/03/2022,3:00,9407.2695,1254.26,4676.8999,749.471,9930.9297,5454.5298,2628.0601,1203.4399,35304.8599,E1,N,N
12/03/2022,3:00,9133.0898,1251.36,4845.6802,724.275,9668.6904,5500.1499,2614.6201,1228.4,34966.2654,E2,N,N
12/03/2022,3:00,9421.3398,1214.3101,4649.9302,733.218,10050.0996,5391.4199,2636.3,1187.21,35283.8276,E3,Y,N
12/03/2022,3:00,9345.7598,1233.5601,4713.4985,735.3286,9889.3027,5434.3799,2627.584,1200.0349,35179.4485,M,N,N
12/03/2022,4:00,9014.5742,1268.8466,5399.8018,845.8817,9440.1602,5393.1123,2733.0933,1204.8051,35300.2752,A3,N,N
12/03/2022,4:00,8934.1064,1412.1925,5449.0762,612.3849,9380.8193,5287.228,2666.0908,1444.9332,35186.8313,A6,N,N
12/03/2022,4:00,9308.4004,1181.13,4681.48,744.35,9736.6396,5297.52,2579.76,1163.27,34692.55,E,N,N
12/03/2022,4:00,9287.5996,1215.45,4667.6802,758.032,9865.8203,5361.2998,2579.76,1188.48,34924.1219,E1,N,N
12/03/2022,4:00,9037.5898,1228.59,4876.5801,738.1,9609.5195,5433.5298,2571.5601,1224.6801,34720.1494,E2,N,N
12/03/2022,4:00,9308.4004,1181.13,4664.77,741.414,9986.7998,5297.52,2578.78,1171.92,34930.7342,E3,Y,N
12/03/2022,4:00,9235.498,1201.575,4720.9565,745.1804,9824.7109,5347.4673,2577.3672,1187.9525,34840.7078,M,N,N
12/03/2022,5:00,9094.4717,1271.4751,5429.5508,848.7141,9586.9395,5393.0122,2706.3472,1238.1061,35568.6167,A3,N,N
12/03/2022,5:00,9019.0596,1444.0414,5481.4116,591.2926,9639.6895,5223.8115,2647.2744,1527.1796,35573.7602,A6,N,N
12/03/2022,5:00,9258.5,1184.54,4683.7202,760.13,9830.9199,5298.5698,2562.48,1181.17,34760.0299,E,N,N
12/03/2022,5:00,9236.4404,1221.01,4660.98,774.407,9955.9404,5357.48,2562.48,1202.28,34971.0178,E1,N,N
12/03/2022,5:00,8993.25,1235.72,4897.8599,758.048,9677.2197,5447.8301,2545.1299,1252.9,34807.9576,E2,N,N
12/03/2022,5:00,9258.5,1184.54,4693.46,753.704,10093,5298.5698,2567.71,1189.01,35038.4938,E3,Y,N
12/03/2022,5:00,9186.6729,1206.4525,4734.979,760.9296,9915.4775,5350.6123,2559.9729,1207.124,34922.2207,M,N,N
12/03/2022,6:00,9188.5918,1265.5306,5464.4102,869.684,9891.9688,5513.4004,2712.7815,1284.3633,36190.7306,A3,N,N
12/03/2022,6:00,9096.6914,1490.6981,5516.54,599.0457,9944.4824,5318.5308,2649.1709,1609.8282,36224.9875,A6,N,N
12/03/2022,6:00,9324.7803,1231.98,4735.23,802.867,10164.0996,5396.3999,2588.79,1214.66,35458.8068,E,N,N
12/03/2022,6:00,9300.3301,1269.65,4706.29,816.533,10295.2002,5454.3501,2588.79,1231.6,35662.7434,E1,N,N
12/03/2022,6:00,9056.4902,1263.6,4897.8501,811.208,9937.2305,5535.1401,2565.77,1288.83,35356.1189,E2,N,N
12/03/2022,6:00,9324.7803,1231.98,4708.3799,793.381,10467,5396.3999,2595.9299,1225.9399,35743.7909,E3,Y,N
12/03/2022,6:00,9251.5947,1249.3025,4759.2524,805.0486,10246.1729,5445.5723,2585.5339,1241.3855,35583.8628,M,N,N
12/03/2022,7:00,9461.1904,1312.5031,5401.5723,921.1705,10492.1885,5758.8345,2781.094,1324.2278,37452.7811,A3,N,N
12/03/2022,7:00,9350.3359,1567.3669,5367.4683,603.3075,10651.9648,5536.3701,2754.7886,1639.2214,37470.8235,A6,N,N
12/03/2022,7:00,9501.7695,1320.17,4682.1699,860.384,10681.5,5651.0098,2644.3701,1254.4399,36595.8132,E,N,N
12/03/2022,7:00,9473.21,1356.4,4659.0601,875.447,10817.9004,5718.4702,2644.3701,1265.54,36810.3978,E1,N,N
12/03/2022,7:00,9223.1299,1322.22,4964.4102,882.94,10395,5748.5898,2600.74,1309.97,36446.9999,E2,N,N
12/03/2022,7:00,9501.7695,1320.17,4780.3101,845.482,11101.7998,5651.0098,2669.75,1277.5,37147.7912,E3,Y,N
12/03/2022,7:00,9424.9697,1329.74,4781.3018,864.5731,10791.0801,5692.27,2642.3457,1279.1685,36805.4489,M,N,N
12/03/2022,8:00,9696.2959,1372.9762,5489.9785,1080.9761,11041.3789,5970.4619,2844.2976,1276.9697,38773.3348,A3,N,N
12/03/2022,8:00,9505.5205,1589.1921,5461.167,952.728,11222.8457,5733.7388,2817.3359,1339.8054,38622.3334,A6,N,N
12/03/2022,8:00,9696.9199,1418,4823.6401,913.484,11272.4004,5997.0298,2704.26,1319.1,38144.8342,E,N,N
12/03/2022,8:00,9667.5801,1453.92,4807.8101,921.193,11410.7002,6072.3701,2704.26,1326.3101,38364.1436,E1,N,N
12/03/2022,8:00,9436.3701,1392.92,5066.6299,932.66,10963.7002,6048.02,2654.1001,1389.6801,37884.0804,E2,N,N
12/03/2022,8:00,9696.9199,1418,4888.1201,885.483,11764.4004,5997.0298,2734.3799,1329.83,38714.1631,E3,Y,N
12/03/2022,8:00,9624.4473,1420.71,4902.998,910.4049,11402,6028.6123,2702.262,1342.303,38333.7375,M,N,N
12/03/2022,9:00,10105.6406,1379.6204,5573.6582,1203.2474,11300.2549,6125.1372,2929.9949,1238.3558,39855.9094,A3,N,N
12/03/2022,9:00,9894.623,1613.5032,5605.167,1232.045,11355.4922,5761.1104,2848.5928,1139.5178,39450.0514,A6,N,N
12/03/2022,9:00,10146.0996,1506.04,4842.23,927.748,11768.7002,6291.8101,2819.3899,1401.52,39703.5378,E,N,N
12/03/2022,9:00,10117.5,1550.6899,4825.0898,937.96,11922.2998,6369.0098,2819.3899,1409.85,39951.7892,E1,N,N
12/03/2022,9:00,9871.8096,1486.99,5087.2598,950.861,11502.9004,6372.6499,2778.8899,1478.55,39529.9106,E2,N,N
12/03/2022,9:00,10146.0996,1506.04,4905.6099,900.573,12224.7002,6291.8101,2842.6599,1411.7,40229.1927,E3,Y,N
12/03/2022,9:00,10070.377,1512.4399,4921.3853,926.568,11900.25,6331.3203,2817.4094,1426.423,39906.1729,M,N,N
12/03/2022,10:00,10519.8809,1402.6536,5493.1665,1211.8213,11732.2314,6264.2007,3049.2236,1256.8502,40930.0282,A3,N,N
12/03/2022,10:00,10238.3721,1623.9248,5469.9272,1198.2505,11709.2803,5890.2539,2946.7395,1201.5311,40278.2794,A6,N,N
12/03/2022,10:00,10661.0996,1550.3101,4845.1001,929.032,12040.9004,6502.8501,2957.8999,1412.66,40899.8522,E,N,N
12/03/2022,10:00,10639.0996,1606.37,4827.21,943.002,12268.2002,6583.4199,2957.8999,1430.26,41255.4616,E1,N,N
12/03/2022,10:00,10324.4004,1553.0699,5071.1401,955.661,11904.5,6668.1602,2914.47,1479.9,40871.3016,E2,N,N
12/03/2022,10:00,10661.0996,1550.3101,4914.0801,904.812,12511,6502.8501,2991.5601,1437.6899,41473.4019,E3,Y,N
12/03/2022,10:00,10571.4248,1565.015,4921.2803,930.7047,12228.1602,6564.3198,2958.8232,1442.6304,41182.3584,M,N,N
12/03/2022,11:00,10937.377,1392.2388,5455.2354,1203.8196,11971.1182,6341.3105,3122.0242,1288.7096,41711.8333,A3,N,N
12/03/2022,11:00,10624.6162,1588.0667,5425.6519,1181.1556,11945.9678,5962.7705,3010.6736,1243.1958,40982.0981,A6,N,N
12/03/2022,11:00,11046.7998,1528.33,4910.6802,894.333,12083.7998,6555.0298,3058.25,1397.77,41474.9926,E,N,N
12/03/2022,11:00,11021.5996,1590.73,4896.8799,914.997,12402.0996,6649.8701,3058.25,1422.33,41956.7562,E1,N,N
12/03/2022,11:00,10604.5996,1585.29,5103.2598,933.813,12086.2002,6827.3501,2998.54,1454.01,41593.0627,E2,N,N
12/03/2022,11:00,11046.7998,1528.33,4952.6899,884.683,12586.9004,6555.0298,3114.28,1439.37,42108.0829,E3,Y,N
12/03/2022,11:00,10929.9492,1558.1699,4970.0781,905.9915,12340.0596,6646.8203,3062.9331,1432.53,41846.5317,M,N,N
12/03/2022,12:00,11237.1582,1398.7461,5372.311,1177.7277,12038.5234,6350.3071,3209.0901,1285.334,42069.1976,A3,N,N
12/03/2022,12:00,10941.334,1587.0081,5343.0942,1176.11,12129.501,6021.8838,3134.3921,1223.6448,41556.968,A6,N,N
12/03/2022,12:00,11321.7998,1483.36,5005.2598,875.637,11992.5,6516.3198,3139.26,1364.98,41699.1164,E,N,N
12/03/2022,12:00,11282.2998,1544.97,4991.9902,898.784,12363.7998,6623.5801,3139.26,1394.09,42238.7739,E1,N,N
12/03/2022,12:00,10742.5996,1591.65,5151.73,926.779,12145.5,6888.1299,3058.02,1413.21,41917.6185,E2,N,N
12/03/2022,12:00,11321.7998,1483.36,4998,870.99,12528.5996,6516.3198,3218.8,1415.95,42353.8192,E3,Y,N
12/03/2022,12:00,11167.125,1525.835,5036.019,892.5828,12311.21,6636.0874,3146.7891,1402.1545,42117.8028,M,N,N
12/03/2022,13:00,11314.2383,1405.6075,5242.688,1120.3157,11895.7998,6408.4316,3291.875,1276.8507,41955.8066,A3,N,N
12/03/2022,13:00,11274.8105,1552.1282,5196.7959,1056.9408,12307.4639,6158.2227,3226.4961,1254.7303,42027.5884,A6,N,N
12/03/2022,13:00,11437.5996,1450.61,4995.1099,843.352,11785,6421.27,3225.78,1327.4399,41486.1614,E,N,N
12/03/2022,13:00,11376.0996,1512.0601,4980.3901,870.356,12251.7998,6528.0498,3225.78,1370.46,42114.9954,E1,N,N
12/03/2022,13:00,10713.7998,1592.66,5127.3101,900.889,12145.9004,6889.3901,3115.0601,1374.54,41859.5495,E2,N,N
12/03/2022,13:00,11437.5996,1450.61,4988.0801,847.333,12360.2002,6421.27,3328.1599,1390.53,42223.7828,E3,Y,N
12/03/2022,13:00,11241.2754,1501.485,5022.0195,865.8806,12193.2451,6564.9951,3233.9331,1372.0515,41994.8853,M,N,N
12/03/2022,14:00,11352.5,1445.9175,5204.1274,1028.9718,11843.4297,6378.0415,3341.3105,1244.7933,41839.0917,A3,N,N
12/03/2022,14:00,11504.2441,1562.3319,5126.1777,894.7844,12531.4551,6188.1377,3292.1294,1252.9664,42352.2267,A6,N,N
12/03/2022,14:00,11475.7002,1417.64,5165.46,823.917,11577.4004,6297.3901,3302.96,1303.59,41364.0577,E,N,N
12/03/2022,14:00,11390.7002,1474.59,5155.6899,851.68,12098.7002,6405.0601,3302.96,1352.4399,42031.8203,E1,N,N
12/03/2022,14:00,10596.9004,1585.77,5163.9502,881.531,12107.2998,6824.4102,3153.1599,1355.7,41668.7215,E2,N,N
12/03/2022,14:00,11475.7002,1417.64,5012.3999,837.874,12155,6297.3901,3432.4099,1371.26,41999.6741,E3,Y,N
12/03/2022,14:00,11234.75,1473.91,5109.0688,850.1462,12042.3604,6456.0625,3310.8174,1352.5145,41829.6298,M,N,N
12/03/2022,15:00,11315.3994,1434.0431,5221.0093,998.5129,11707.2061,6364.9038,3400.0776,1233.8988,41675.051,A3,N,N
12/03/2022,15:00,11609.6309,1547.7915,5255.9102,853.5682,12396.6934,6303.3701,3325.428,1252.0353,42544.4276,A6,N,N
12/03/2022,15:00,11444.2002,1356.71,5118.0698,794.54,11387.4004,6216.77,3359.3701,1310.63,40987.6905,E,N,N
12/03/2022,15:00,11329.5996,1435.91,5089.1699,824.625,11978.2998,6341.8799,3359.3701,1359.97,41718.8243,E1,N,N
12/03/2022,15:00,10410.2002,1571.76,5204.96,842.751,12105,6824.3198,3179.96,1368.55,41507.501,E2,N,N
12/03/2022,15:00,11444.2002,1356.71,5039.21,820.373,11955.4004,6216.77,3510.45,1381.11,41724.2236,E3,Y,N
12/03/2022,15:00,11157.0498,1430.2725,5104.9663,823.1556,11913.3252,6399.9346,3367.3955,1362.113,41558.2125,M,N,N
12/03/2022,16:00,11191.5459,1460.1986,5199.6836,1028.0928,11681.0176,6436.5015,3392.7212,1227.6813,41617.4425,A3,N,N
12/03/2022,16:00,11506.8848,1569.4857,5215.7241,917.3433,12324.2656,6393.834,3378.3647,1206.7725,42512.6747,A6,N,N
12/03/2022,16:00,11390.7998,1341.04,5089,785.529,11334.0996,6186.7202,3390.4299,1323.5601,40841.1786,E,N,N
12/03/2022,16:00,11242.0996,1426.9,5075.8799,811.592,11952.2998,6315.3398,3390.4299,1379.92,41594.461,E1,N,N
12/03/2022,16:00,10190.9004,1572.4399,5269.9399,822.764,12162.5996,6854.8999,3188.55,1388.91,41451.0037,E2,N,N
12/03/2022,16:00,11390.7998,1341.04,5096.98,819.337,11897.2002,6186.7202,3549.6201,1389.79,41671.4873,E3,Y,N
12/03/2022,16:00,11053.6504,1420.355,5133.748,813.1863,11892.8594,6385.9199,3395.6768,1377.1681,41472.5639,M,N,N
12/03/2022,17:00,11102.1865,1524.5082,5091.2651,1061.7789,11824.0605,6569.0557,3398.397,1294.941,41866.1929,A3,N,N
12/03/2022,17:00,11453.2178,1625.8026,5110.9966,926.8761,12440.9844,6589.106,3429.6104,1333.4053,42909.9992,A6,N,N
12/03/2022,17:00,11307.4004,1350.72,5003.79,789.621,11582.7002,6271.7402,3396.0601,1343.9,41045.9319,E,N,N
12/03/2022,17:00,11108.5,1439.3199,4978.96,819.088,12221.2002,6378.9502,3396.0601,1399.29,41741.3684,E1,N,N
12/03/2022,17:00,9995.1396,1597.71,5297,816.261,12339.2002,6965.29,3176.6201,1425.46,41612.6809,E2,N,N
12/03/2022,17:00,11307.4004,1350.72,5125.4902,820.078,12165.7998,6271.7402,3542.46,1407.62,41991.3086,E3,Y,N
12/03/2022,17:00,10929.6104,1434.6174,5113.48,814.3077,12135.5352,6471.9307,3392.4399,1400.4395,41692.3608,M,N,N
12/03/2022,18:00,11172.4824,1610.2083,4992.1084,1136.0701,12484.6943,6800.1436,3441.0156,1338.7378,42975.4605,A3,N,N
12/03/2022,18:00,11653.3955,1695.0696,4937.7773,1021.7108,13076.4854,6894.917,3487.0496,1364.3073,44130.7125,A6,N,N
12/03/2022,18:00,11551,1459.15,5033.2998,853.311,12298.2998,6575.4399,3412.5701,1404.8,42587.8706,E,N,N
12/03/2022,18:00,11324,1555.7,5005.8701,872.723,12920,6691.9199,3412.5701,1440.46,43223.2431,E1,N,N
12/03/2022,18:00,10231.9004,1696.6899,5411.5098,873.339,12854.5,7290.79,3206.6799,1484.27,43049.679,E2,N,N
12/03/2022,18:00,11551,1459.15,5208.5898,863.954,12990.7002,6575.4399,3539.0901,1454.4301,43642.3541,E3,Y,N
12/03/2022,18:00,11164.4746,1542.6725,5182.3462,866.896,12835.1152,6783.3975,3405.3794,1450.953,43231.2344,M,N,N
12/03/2022,19:00,11161.707,1659.8228,5073.6758,1161.0095,12959.4053,7036.6802,3472.5471,1407.3469,43932.1946,A3,N,N
12/03/2022,19:00,11605.5703,1654.3518,5081.8662,1012.8467,13552.3223,7108.4248,3556.2671,1432.4553,45004.1045,A6,N,N
12/03/2022,19:00,11682,1516.21,4996.5298,921.141,12839,6873.73,3484.3201,1435.95,43748.8809,E,N,N
12/03/2022,19:00,11465.7002,1620.58,4977.8701,940.622,13415,7002.4902,3484.3201,1459.67,44366.2526,E1,N,N
12/03/2022,19:00,10360.2998,1741.39,5469.1602,949.846,13146,7558.5698,3287.6899,1506.08,44019.0357,E2,N,N
12/03/2022,19:00,11682,1516.21,5295.0601,921.288,13628.2002,6873.73,3599.9199,1477.71,44994.1182,E3,Y,N
12/03/2022,19:00,11297.5,1598.5974,5214.5078,933.239,13335.9697,7077.1299,3475.6223,1474.0284,44406.5945,M,N,N
12/03/2022,20:00,10915.7783,1650.0905,5116.4287,1170.9581,13122.1396,6973.894,3442.9248,1426.6503,43818.8643,A3,N,N
12/03/2022,20:00,11248.3584,1661.23,5128.5942,975.2775,13649.2959,7059.6978,3562.2307,1466.6375,44751.322,A6,N,N
12/03/2022,20:00,11449.2002,1508.37,4933.5601,957.421,12879.7998,6776.77,3404.23,1417.13,43326.4811,E,N,N
12/03/2022,20:00,11222.4004,1609.66,4912.6099,981.963,13392.7998,6902.9102,3404.23,1431.77,43858.3433,E1,N,N
12/03/2022,20:00,10140.2002,1724.4,5351.5698,995.504,13072.2998,7480.02,3223.5901,1470.3101,43457.894,E2,N,N
12/03/2022,20:00,11449.2002,1508.37,5250.2598,955.197,13688.0996,6776.77,3501.8999,1458.4399,44588.2364,E3,Y,N
12/03/2022,20:00,11065.25,1587.7,5143.6699,972.2988,13339.0801,6984.1172,3393.2544,1448.5435,43933.9139,M,N,N
12/03/2022,21:00,10643.5186,1623.7902,5237.04,1157.6957,13086.2539,6868.3115,3352.8696,1418.3761,43387.8556,A3,N,N
12/03/2022,21:00,10834.9678,1621.3762,5228.3877,954.8636,13458.2041,6939.1191,3474.2791,1455.6681,43966.8657,A6,N,N
12/03/2022,21:00,11175.7002,1480.98,5027.4702,969.462,12776.0996,6647.25,3298.1499,1399.73,42774.8419,E,N,N
12/03/2022,21:00,10948.5,1583.9399,4998.6201,995.277,13269.9004,6775.8301,3298.1499,1412.76,43282.9774,E1,N,N
12/03/2022,21:00,9905.3496,1707,5290.4502,1014.94,12995.5,7374.02,3132.6499,1460.4399,42880.3496,E2,N,N
12/03/2022,21:00,11175.7002,1480.98,5204.4902,962.565,13589.2998,6647.25,3382.5601,1436.88,43879.7253,E3,Y,N
12/03/2022,21:00,10801.3125,1563.2249,5147.96,984.8712,13239.0205,6861.0869,3286.3184,1431.1675,43314.9619,M,N,N
12/03/2022,22:00,10303.2539,1568.5278,5292.9932,1171.4976,12841.7578,6621.4004,3270.425,1380.7156,42450.5713,A3,N,N
12/03/2022,22:00,10400.8486,1560.3337,5254.585,948.9362,13024.7744,6738.6182,3361.4346,1415.5006,42705.0313,A6,N,N
12/03/2022,22:00,10896.9004,1441.02,5021.3198,957.865,12568.5,6476.6899,3201.54,1359.84,41923.6751,E,N,N
12/03/2022,22:00,10669.9004,1546.38,4989.2002,982.75,13049.7998,6607.4302,3201.54,1368.1899,42415.1905,E1,N,N
12/03/2022,22:00,9674.5098,1678.74,5226.0898,998.904,12857.5,7238.3398,3047.9099,1403.23,42125.2233,E2,N,N
12/03/2022,22:00,10896.9004,1441.02,5125.1699,946.422,13333.5,6476.6899,3280.29,1390.37,42890.3622,E3,Y,N
12/03/2022,22:00,10534.5527,1526.79,5100.8301,970.3409,13028.8242,6699.7881,3190.6948,1383.4604,42435.2812,M,N,N
12/03/2022,23:00,9919.6182,1500.5874,5310.6382,1151.9099,12486.4277,6385.9268,3175.8357,1348.3394,41279.2833,A3,N,N
12/03/2022,23:00,9917.4092,1488.2098,5299.6831,916.3311,12531.5869,6472.3301,3224.3784,1370.4941,41220.4227,A6,N,N
12/03/2022,23:00,10483,1366.0699,4985.6499,926.239,12197,6224.0098,3071.21,1306.48,40559.6586,E,N,N
12/03/2022,23:00,10271.2002,1471.61,4952.2598,952.045,12621.7002,6353.3799,3071.21,1321.71,41015.1151,E1,N,N
12/03/2022,23:00,9431.1104,1603.86,5172.6802,964.777,12550.5996,6996.0698,2942.5701,1366.78,41028.4471,E2,N,N
12/03/2022,23:00,10483,1366.0699,5023.9302,915.526,12821.5,6224.0098,3142.51,1332.13,41308.6759,E3,Y,N
12/03/2022,23:00,10167.0771,1451.9025,5037.458,938.5754,12610.1504,6449.3672,3064.0049,1334.34,41052.8755,M,N,N
12/03/2022,24:00,9464.8389,1421.2683,5314.3975,1093.7297,12082.2314,6130.0425,3071.7554,1308.7075,39886.9712,A3,N,N
12/03/2022,24:00,9379.8857,1386.6239,5285.3379,872.4559,12231.6484,6192.7856,3109.4998,1316.3965,39774.6337,A6,N,N
12/03/2022,24:00,9996.5098,1300.45,4917.9902,898.037,11757.5,5930.1201,2933.9399,1252.5601,38987.1071,E,N,N
12/03/2022,24:00,9805.1104,1396.9301,4878.8599,926.013,12146.5,6056.73,2933.9399,1276.27,39420.3533,E1,N,N
12/03/2022,24:00,9139.6201,1543.09,5095.8101,935.944,12176.2998,6755.8599,2836.52,1330.9,39814.0439,E2,N,N
12/03/2022,24:00,9996.5098,1300.45,4920.6899,893.743,12239.7998,5930.1201,2994.96,1274.37,39550.6426,E3,Y,N
12/03/2022,24:00,9734.4375,1385.23,4953.6074,913.0049,12128.2549,6168.2075,2930.9419,1285.7061,39499.3902,M,N,N
12/04/2022,1:00,9044.5273,1397.5654,5313.7432,1002.8387,11447.3711,5841.4473,2923.5671,1343.9891,38315.0492,A3,N,N
12/04/2022,1:00,8862.7539,1438.0248,5381.7139,743.98,11281.8408,5654.7905,2951.126,1537.948,37852.1779,A6,N,N
12/04/2022,1:00,9548.5098,1274.1899,5005.9399,861.164,11300.0996,5683.75,2803.3601,1207.55,37684.5633,E,N,N
12/04/2022,1:00,9382.9004,1357.28,4978.3398,893.774,11615.5996,5812.5898,2803.3601,1244.41,38088.2537,E1,Y,N
12/04/2022,1:00,8947.9102,1483.03,5076.98,903.184,11763.5,6505.0898,2729.73,1315.45,38724.874,E2,N,N
12/04/2022,1:00,9548.5098,1274.1899,4811.04,868.012,11588.7002,5683.75,2855.9399,1220.76,37850.9018,E3,N,N
12/04/2022,1:00,9356.957,1347.1725,4948.585,882.2183,11595.835,5921.2949,2803.3555,1248.3635,38103.7817,M,N,N
12/04/2022,2:00,8774.8975,1369.2303,5326.9448,985.0091,11072.9902,5689.3613,2833.8098,1340.3132,37392.5562,A3,N,N
12/04/2022,2:00,8589.4658,1416.3989,5377.1265,682.8413,10883.5088,5502.0063,2841.7419,1554.5234,36847.6129,A6,N,N
12/04/2022,2:00,9212.7803,1249.6801,4759.5298,835.962,10902.2002,5451.27,2690.9299,1206.84,36309.1923,E,N,N
12/04/2022,2:00,9059.3604,1327.01,4725.0298,870.692,11171.5,5585.77,2690.9299,1249.74,36680.0321,E1,Y,N
12/04/2022,2:00,8722.6201,1441.5699,5012.6699,880.82,11426.7998,6281.0898,2611.1399,1337.86,37714.5694,E2,N,N
12/04/2022,2:00,9212.7803,1249.6801,4705.77,850.156,11104.0996,5451.27,2745.05,1219.73,36538.536,E3,N,N
12/04/2022,2:00,9051.8848,1316.9851,4795.374,860.8269,11171.3398,5692.3501,2689.9246,1254.8315,36833.5168,M,N,N
12/04/2022,3:00,8605.96,1380.0183,5361.6816,998.2476,10976.875,5601.5571,2717.6174,1320.4425,36962.3995,A3,N,N
12/04/2022,3:00,8351.7246,1426.7399,5412.436,694.229,10874.2871,5450.5752,2743.2385,1525.0294,36478.2597,A6,N,N
12/04/2022,3:00,8977.2402,1234.97,4613.4102,824.024,10617.7998,5321.2798,2622.1201,1173.05,35383.8941,E,N,N
12/04/2022,3:00,8845.4004,1306.71,4580.3101,860.066,10865.2002,5453.6499,2622.1201,1220.99,35754.4467,E1,Y,N
12/04/2022,3:00,8608.79,1410.89,5037.98,872.427,11243.7002,6140.8999,2561.01,1322.15,37197.8471,E2,N,N
12/04/2022,3:00,8977.2402,1234.97,4683.6299,843.273,10730.7998,5321.2798,2659.51,1179.3101,35630.0128,E3,N,N
12/04/2022,3:00,8852.168,1296.885,4735.8545,851.8723,10875.6758,5559.2773,2619.9292,1224.5011,36016.1632,M,N,N
12/04/2022,4:00,8536.4648,1366.3737,5367.8564,998.8208,10958.6348,5536.3799,2625.3281,1293.2245,36683.083,A3,N,N
12/04/2022,4:00,8199.4795,1453.6976,5454.8442,697.5313,10843.6074,5393.3745,2629.9136,1494.9683,36167.4164,A6,N,N
12/04/2022,4:00,8906.71,1214.9399,4634.6499,833.477,10567.5,5264.6201,2579.0901,1154.78,35155.767,E,N,N
12/04/2022,4:00,8792.7402,1291.88,4612.1899,868.182,10777,5388.8398,2579.0901,1204.01,35513.932,E1,Y,N
12/04/2022,4:00,8602.0596,1401.16,5128.7002,883.374,11195.7998,6091.96,2519.6299,1305.46,37128.1435,E2,N,N
12/04/2022,4:00,8906.71,1214.9399,4765.4302,852.446,10598.7002,5264.6201,2612.6001,1157.67,35373.1165,E3,N,N
12/04/2022,4:00,8802.0547,1280.73,4798.3203,861.2666,10787.8701,5502.5103,2575.9536,1205.769,35814.4746,M,N,N
12/04/2022,5:00,8586.3477,1387.2115,5348.7666,985.0086,11033.3154,5519.8066,2587.6628,1336.7578,36784.877,A3,N,N
12/04/2022,5:00,8237.7002,1487.3809,5452.3306,658.5648,10942.9297,5316.3457,2602.3352,1590.9602,36288.5473,A6,N,N
12/04/2022,5:00,8869.6797,1232.41,4590.8301,847.692,10608.5996,5289.3398,2552.8799,1148.3,35139.7311,E,N,N
12/04/2022,5:00,8774.5098,1303.49,4558.9102,877.462,10809,5402.1299,2552.8799,1194.0601,35472.4419,E1,Y,N
12/04/2022,5:00,8605.6504,1418.1899,5103.5,893.767,11196,6118.3501,2487.6399,1303.15,37126.2473,E2,N,N
12/04/2022,5:00,8869.6797,1232.41,4742.7402,862.468,10597.7002,5289.3398,2588.99,1143.75,35327.0779,E3,N,N
12/04/2022,5:00,8779.8799,1296.625,4764.186,871.8248,10801.7354,5524.79,2549.2085,1196.86,35785.1096,M,N,N
12/04/2022,6:00,8649.0391,1394.7463,5296.6216,997.8334,11201.3164,5618.7261,2612.2678,1379.3805,37149.9312,A3,N,N
12/04/2022,6:00,8301.4502,1534.9384,5399.1938,662.6382,11030.334,5403.7441,2612.2744,1676.1349,36620.708,A6,N,N
12/04/2022,6:00,8913.0195,1276.3199,4599.0298,889.323,10838.4004,5385.98,2559.29,1156.67,35618.0326,E,N,N
12/04/2022,6:00,8839.8896,1335.95,4563.1802,917.688,11032.0996,5480.8198,2559.29,1197.54,35926.4572,E1,Y,N
12/04/2022,6:00,8715.3398,1448.38,5052.5898,936.99,11338.2002,6201.1899,2511.3799,1311.8199,37515.8895,E2,N,N
12/04/2022,6:00,8913.0195,1276.3199,4682.25,903.278,10767.2002,5385.98,2595.55,1146.54,35670.1376,E3,N,N
12/04/2022,6:00,8845.3174,1334.2424,4732.5845,913.2152,10986.8555,5613.4922,2560.0034,1202.1295,36187.8401,M,N,N
12/04/2022,7:00,8842.3301,1452.1865,5243.0728,1011.3962,11618.708,5814.002,2680.4282,1408.4644,38070.5882,A3,N,N
12/04/2022,7:00,8479.7695,1616.6831,5247.9233,646.7809,11431.1904,5595.0137,2706.459,1706.678,37430.4979,A6,N,N
12/04/2022,7:00,9015.9502,1350.86,4543.5,942.077,11158.2002,5587.1001,2588.96,1164.2,36350.8475,E,N,N
12/04/2022,7:00,8979.7803,1403.5,4527.48,962.816,11335.2002,5667.3301,2588.96,1201.5601,36666.6267,E1,Y,N
12/04/2022,7:00,8892.2402,1505.17,5097.77,982.957,11573.2998,6370.2002,2561.99,1313.8101,38297.4373,E2,N,N
12/04/2022,7:00,9015.9502,1350.86,4719.04,948.742,11036.0996,5587.1001,2629.6299,1151.02,36438.4418,E3,N,N
12/04/2022,7:00,8975.9805,1402.5975,4739.5015,959.8145,11263.4902,5802.9326,2596.4519,1206.3296,36947.0983,M,N,N
12/04/2022,8:00,8916.3008,1509.3102,5271.2559,1103.3787,11710.5156,5922.6929,2738.9636,1342.0347,38514.4524,A3,N,N
12/04/2022,8:00,8511.9102,1641.1055,5296.9868,956.2574,11491.9619,5737.271,2765.4248,1402.3754,37803.293,A6,N,N
12/04/2022,8:00,9124.4805,1445.11,4750.5298,986.215,11754.7002,5840.75,2625.8201,1232.77,37760.3756,E,N,N
12/04/2022,8:00,9104.3301,1485.14,4739.02,1003.93,11871.2998,5917.04,2625.8201,1268.52,38015.1,E1,Y,N
12/04/2022,8:00,9090.4199,1581.76,5175.8901,1026.47,12162.2998,6627.3701,2617.8101,1392.8199,39674.8399,E2,N,N
12/04/2022,8:00,9124.4805,1445.11,4824.3999,991.375,11510.2998,5840.75,2669.3201,1239.5699,37645.3052,E3,N,N
12/04/2022,8:00,9110.9277,1489.28,4879.8472,1002.5134,11800.2109,6056.4775,2639.0425,1284.1,38262.3992,M,N,N
12/04/2022,9:00,9189.1289,1514.8062,5355.6475,1193.215,11607.6055,6046.1548,2777.3733,1288.6727,38972.6039,A3,N,N
12/04/2022,9:00,8756.1895,1659.752,5459.5942,1219.4003,11187.1631,5767.9487,2772.4578,1198.1608,38020.6664,A6,N,N
12/04/2022,9:00,9456.3398,1517.1801,4811.4199,1005.55,12393.9004,6068.21,2734.3301,1310.8101,39297.7404,E,N,N
12/04/2022,9:00,9450.8398,1560.47,4810.21,1026.1899,12542.5,6174.21,2734.3301,1343.62,39642.3698,E1,Y,N
12/04/2022,9:00,9473.9404,1672.04,5210.7202,1049.76,12888,6910.9199,2736.6799,1469.24,41411.3004,E2,N,N
12/04/2022,9:00,9456.3398,1517.1801,4844.48,1014.35,12059.2998,6068.21,2768.6899,1335.1899,39063.7395,E3,N,N
12/04/2022,9:00,9459.3652,1566.7175,4922.5137,1024.8425,12437.4648,6305.3872,2746.9436,1367.153,39830.3875,M,N,N
12/04/2022,10:00,9473.6475,1472.9508,5346.7036,1189.3605,11781.207,6229.7231,2894.8074,1306.2969,39694.6968,A3,N,N
12/04/2022,10:00,9064.9727,1638.8748,5397.6191,1173.3843,11326.9053,5869.2632,2880.4651,1268.4974,38619.9819,A6,N,N
12/04/2022,10:00,9810.6504,1527.9,4890.0698,993.305,12689.7002,6239.6099,2873.3999,1338.51,40363.1452,E,N,N
12/04/2022,10:00,9787.9404,1589.96,4873.7202,1015.65,12918.0996,6413.27,2873.3999,1376.0601,40848.1002,E1,Y,N
12/04/2022,10:00,9821.0801,1716.61,5206.9702,1035.24,13323.2002,7128.1001,2878.01,1482.5601,42591.7707,E2,N,N
12/04/2022,10:00,9810.6504,1527.9,4855.0298,998.586,12432.2998,6239.6099,2908.23,1372.04,40144.3459,E3,N,N
12/04/2022,10:00,9807.5801,1590.5925,4952.9434,1011.2234,12815.085,6505.1475,2886.7432,1395.6455,40964.9606,M,N,N
12/04/2022,11:00,9570.6152,1446.2803,5259.3218,1183.4708,11845.041,6349.7832,2913.2256,1329.573,39897.3109,A3,N,N
12/04/2022,11:00,9350.1533,1573.7115,5296.272,1158.0327,11617.4063,5910.1606,2899.1377,1302.4142,39107.2883,A6,N,N
12/04/2022,11:00,10032.2998,1473.6801,4910.6899,966.771,12657.5996,6271.1699,2942.7,1327.67,40582.5803,E,N,N
12/04/2022,11:00,9996.6201,1561.38,4896.6899,992.935,12961.2002,6507.6401,2942.7,1368.8199,41227.9852,E1,Y,N
12/04/2022,11:00,10019,1718.98,5157.3398,1008.82,13358.7998,7184.5,2910.46,1454.5601,42812.4597,E2,N,N
12/04/2022,11:00,10032.2998,1473.6801,4830.71,975.234,12523.9004,6271.1699,2979.9399,1358.89,40445.8241,E3,N,N
12/04/2022,11:00,10020.0547,1556.9302,4940.8594,986.7863,12862.0049,6558.6201,2947.6738,1380.6069,41253.5363,M,N,N
12/04/2022,12:00,9645.8623,1435.1312,5134.8047,1166.1528,11823.9619,6339.0913,2952.2124,1307.4216,39804.6382,A3,N,N
12/04/2022,12:00,9573.9902,1543.116,5165.313,1151.8303,11782.3682,5920.6523,2972.7012,1274.9371,39384.9083,A6,N,N
12/04/2022,12:00,10170.0996,1411.96,4907.25,954.023,12461.2002,6229.4702,2984.8201,1299.77,40418.5931,E,N,N
12/04/2022,12:00,10116.5,1518.4399,4882.5801,976.546,12757.0996,6515.2598,2984.8201,1342.89,41094.1355,E1,Y,N
12/04/2022,12:00,10097.5,1697.39,5103.6299,985.679,13134.0996,7152.21,2903.1799,1411.59,42485.2784,E2,N,N
12/04/2022,12:00,10170.0996,1411.96,4816.3301,956.763,12422.9004,6229.4702,3025.4399,1325.64,40358.6032,E3,N,N
12/04/2022,12:00,10138.5498,1509.9375,4918.3555,968.5267,12689.9961,6531.6025,2978.627,1347.5594,41083.1545,M,N,N
12/04/2022,13:00,9650.5449,1441.7742,5090.2222,1118.2642,11824.7529,6368.8252,3012.491,1284.4852,39791.3598,A3,N,N
12/04/2022,13:00,9827.2979,1482.6157,5044.3735,1041.5452,12101.1797,6033.8057,3075.4258,1304.4218,39910.6653,A6,N,N
12/04/2022,13:00,10230.7002,1376.9,4819.1299,927.606,12222,6169.4199,3025.3301,1293.9,40064.9861,E,N,N
12/04/2022,13:00,10168.2002,1501.4301,4821.6499,952.565,12544.2998,6495.4902,3025.3301,1332.8,40841.7653,E1,Y,N
12/04/2022,13:00,10120.4004,1686.11,4983.4199,956.431,12864.9004,7099.6099,2887.8999,1398.03,41996.8015,E2,N,N
12/04/2022,13:00,10230.7002,1376.9,4732.79,929.072,12291.5996,6169.4199,3069.79,1314.02,40114.2917,E3,N,N
12/04/2022,13:00,10187.5,1485.3351,4830.6133,941.5651,12487.6602,6483.4849,3006.5337,1336.6996,40759.3919,M,N,N
12/04/2022,14:00,9778.9424,1474.9167,5120.2856,1040.9408,11770.9609,6375.5542,3081.127,1260.2489,39902.9765,A3,N,N
12/04/2022,14:00,10124.5947,1494.437,4989.9307,892.7746,12353.8857,6102.9043,3152.6877,1306.298,40417.5127,A6,N,N
12/04/2022,14:00,10242.0996,1367.26,4976.52,914.909,11992.2998,6090.0098,3059.0601,1267.3,39909.4583,E,N,N
12/04/2022,14:00,10174.7998,1479.9399,4993.2998,940.948,12370.2002,6438.8198,3059.0601,1315.52,40772.5876,E1,Y,N
12/04/2022,14:00,10086,1682.15,4966,939.607,12577,7020.4902,2860.75,1374.47,41506.4672,E2,N,N
12/04/2022,14:00,10242.0996,1367.26,4711.02,914.202,12167.7998,6090.0098,3115.1201,1286.25,39893.7613,E3,N,N
12/04/2022,14:00,10186.25,1474.1525,4885.1602,927.3458,12294.375,6409.8325,3029.1035,1312.78,40518.9995,M,N,N
12/04/2022,15:00,9746.5527,1477.6018,5257.1714,1011.5925,11840.3379,6371.3389,3160.9258,1238.8738,40104.3948,A3,N,N
12/04/2022,15:00,10239.9678,1491.2954,5223.4395,859.421,12406.4961,6247.2939,3196.2849,1283.6019,40947.8005,A6,N,N
12/04/2022,15:00,10260.2998,1349.41,4909.5898,886.77,11884,6092.2998,3091.97,1274.9301,39749.2695,E,N,N
12/04/2022,15:00,10184.9004,1453.92,4970.96,911.453,12298.9004,6437.02,3091.97,1323.3199,40672.4437,E1,Y,N
12/04/2022,15:00,10052.2998,1659.67,4978.6299,906.273,12381.7002,7018.2998,2837.6201,1384.26,41218.7528,E2,N,N
12/04/2022,15:00,10260.2998,1349.41,4671.6699,882.149,12108.0996,6092.2998,3154.5601,1294.22,39812.7082,E3,N,N
12/04/2022,15:00,10189.4492,1453.1025,4858.9204,896.1992,12190.585,6409.9795,3050.2891,1321.1116,40369.6365,M,N,N
12/04/2022,16:00,9771.3877,1488.98,5198.2891,1047.8346,11817.8984,6442.7578,3184.1069,1222.5233,40173.7778,A3,N,N
12/04/2022,16:00,10324.1045,1502.5669,5201.9497,930.6374,12330.6563,6355.4326,3254.4702,1224.927,41124.7446,A6,N,N
12/04/2022,16:00,10298.2998,1356.5601,4793.7002,879.165,11921.2002,6122.9399,3113.6201,1282.35,39767.8353,E,N,N
12/04/2022,16:00,10216.4004,1463.5699,4875.8198,907.237,12299.7998,6475.8599,3113.6201,1339.22,40691.5269,E1,Y,N
12/04/2022,16:00,10015.7002,1677.11,4998.8301,897.56,12379.2002,7058.48,2822.0801,1408.35,41257.3106,E2,N,N
12/04/2022,16:00,10298.2998,1356.5601,4637.5298,876.213,12167.2002,6122.9399,3185.05,1311.33,39955.1228,E3,N,N
12/04/2022,16:00,10207.1758,1463.4501,4810.853,889.7486,12216.4492,6445.0547,3065.7354,1338.2104,40436.6772,M,N,N
12/04/2022,17:00,9784.2979,1554.6882,5178.5327,1083.5887,12014.0293,6569.6597,3209.8311,1276.3481,40670.9757,A3,N,N
12/04/2022,17:00,10317.4502,1568.5741,5175.8032,938.1777,12497.3037,6575.146,3306.5498,1336.746,41715.7507,A6,N,N
12/04/2022,17:00,10346.2002,1389.3199,4696.0898,879.841,12061.9004,6268.3901,3127.03,1283.21,40051.9814,E,N,N
12/04/2022,17:00,10274.7998,1487.6899,4785.7202,908.185,12498.2998,6592.3799,3127.03,1338.54,41012.6446,E1,Y,N
12/04/2022,17:00,10053.2002,1704.04,5005.1201,902.367,12573.4004,7186.46,2823.6101,1413.87,41662.0678,E2,N,N
12/04/2022,17:00,10346.2002,1389.3199,4636.7598,883.219,12404.2002,6268.3901,3198,1314.46,40440.5492,E3,N,N
12/04/2022,17:00,10255.0996,1492.5925,4774.9893,893.7408,12418.6807,6578.9053,3076.0146,1340.645,40830.6678,M,N,N
12/04/2022,18:00,10211.4482,1649.7808,5036.4458,1171.2584,12584.1768,6874.9072,3286.1921,1325.0619,42139.2712,A3,N,N
12/04/2022,18:00,10755.9551,1641.9933,4971.2266,1035.9949,13071.6387,6960.5327,3402.9814,1370.2375,43210.5602,A6,N,N
12/04/2022,18:00,10762.0996,1509.55,4706.1802,938.444,12749.7998,6658.9902,3196.6101,1293.3101,41814.984,E,N,N
12/04/2022,18:00,10736.9004,1582.98,4822.5601,967.059,13166.5996,6903.73,3196.6101,1340.97,42717.4092,E1,Y,N
12/04/2022,18:00,10544.9004,1797.78,5119.1099,962.689,13288.5996,7530.4902,2943.4199,1427.71,43614.699,E2,N,N
12/04/2022,18:00,10762.0996,1509.55,4749.1602,942.611,13058.9004,6658.9902,3263.6799,1335.8101,42280.8014,E3,N,N
12/04/2022,18:00,10701.5,1599.9651,4853.5508,953.1174,13096.8848,6938.0498,3156.7871,1353.7,42653.555,M,N,N
12/04/2022,19:00,10648.2783,1715.025,5128.1353,1191.4365,13016.1855,7206.4131,3426.7996,1404.4036,43736.6769,A3,N,N
12/04/2022,19:00,11021.2813,1625.9137,5113.9072,1018.7042,13462.9707,7219.1328,3538.4304,1453.5754,44453.9157,A6,N,N
12/04/2022,19:00,11059.0996,1556.67,4783.7598,1004.64,13087.2998,7012.3901,3325.22,1289.0699,43118.1492,E,N,N
12/04/2022,19:00,11052.5996,1613.1801,4836.1401,1025.74,13467.7002,7189.1299,3325.22,1330.64,43840.3499,E1,Y,N
12/04/2022,19:00,10870.2998,1816.86,5208.02,1028.63,13623.0996,7793.52,3146.1101,1422.05,44908.5895,E2,N,N
12/04/2022,19:00,11059.0996,1556.67,4947.9502,999.023,13365.9004,7012.3901,3388.9299,1337.42,43667.3832,E3,N,N
12/04/2022,19:00,11010.2744,1635.845,4960.3867,1013.9465,13413.8594,7251.8574,3302.741,1349.63,43938.5404,M,N,N
12/04/2022,20:00,10688.6406,1709.7954,5182.8667,1169.7875,12901.3584,7220.1348,3476.5947,1417.7839,43766.962,A3,N,N
12/04/2022,20:00,10969.3252,1642.7186,5173.3901,970.9525,13272.7773,7235.2607,3573.7729,1488.0748,44326.2721,A6,N,N
12/04/2022,20:00,10977.2998,1534.87,4812.3301,1039.08,12890.5996,7016.0298,3313.97,1265.54,42849.7193,E,N,N
12/04/2022,20:00,10965.2998,1586.01,4782.6602,1061.29,13264.4004,7137.79,3313.97,1299.21,43410.6304,E1,Y,N
12/04/2022,20:00,10769.4004,1777.88,5111.29,1066.3101,13392.5996,7713.3701,3168.98,1377.14,44376.9702,E2,N,N
12/04/2022,20:00,10977.2998,1534.87,4973.71,1029.62,13185.2002,7016.0298,3374.04,1303.9301,43394.6999,E3,N,N
12/04/2022,20:00,10922.3252,1608.4075,4936.1357,1048.129,13212.6602,7220.8047,3298.7471,1315.2939,43562.5033,M,N,N
12/04/2022,21:00,10650.6182,1691.9781,5251.6611,1139.3104,12723.4268,7126.5,3437.0344,1410.7975,43431.3265,A3,N,N
12/04/2022,21:00,10839.0205,1612.5037,5233.6919,943.5522,13014.4658,7179.8608,3517.8569,1494.9675,43835.9193,A6,N,N
12/04/2022,21:00,10829.7002,1502.63,4979.3799,1032.9399,12528.4004,6945.0898,3270.1499,1264.67,42352.9601,E,N,N
12/04/2022,21:00,10818.9004,1549.36,4915.4702,1053.72,12888.9004,7023.2998,3270.1499,1294.99,42814.7907,E1,Y,N
12/04/2022,21:00,10601.9004,1741.13,5062.96,1060.8,13012.5,7578.73,3142.23,1378.77,43579.0204,E2,N,N
12/04/2022,21:00,10829.7002,1502.63,4988.8101,1018.22,12882.0996,6945.0898,3327.1001,1299.79,42793.4398,E3,N,N
12/04/2022,21:00,10770.0508,1573.9375,4987.5981,1039.948,12863.3457,7123.0527,3258.1025,1313.067,42929.1023,M,N,N
12/04/2022,22:00,10400.1924,1611.2839,5248.3633,1131.9182,12244.9014,6817.7954,3379.199,1361.7883,42195.4419,A3,N,N
12/04/2022,22:00,10456.5381,1543.5825,5205.3916,929.236,12567.9219,6949.46,3446.9741,1455.3881,42554.4923,A6,N,N
12/04/2022,22:00,10611.9004,1437.7,5018.04,1005.61,12042.2998,6758.5898,3217.8799,1205.95,41297.9699,E,N,N
12/04/2022,22:00,10598,1484.05,4948.3501,1027.47,12390.0996,6802.96,3217.8799,1233.23,41702.0396,E1,Y,N
12/04/2022,22:00,10361.7002,1676.6899,5030.21,1032.97,12530.7998,7369.6001,3095.52,1310.71,42408.2,E2,N,N
12/04/2022,22:00,10611.9004,1437.7,4975.5801,986.395,12464.2002,6758.5898,3272.3301,1238.37,41745.0656,E3,N,N
12/04/2022,22:00,10545.875,1509.0349,4988.7993,1011.1897,12399.041,6922.4351,3206.3477,1250.307,41833.0297,M,N,N
12/04/2022,23:00,9990.0537,1519.9354,5258.8872,1068.177,11578.9961,6421.251,3234.1575,1292.5958,40364.0537,A3,N,N
12/04/2022,23:00,10003.3438,1457.2542,5234.854,863.6118,11811.6846,6520.8687,3277.7666,1381.947,40551.3307,A6,N,N
12/04/2022,23:00,10278.0996,1328.8101,4983.71,942.362,11315.2998,6439.4502,3085.4199,1153.97,39527.1216,E,N,N
12/04/2022,23:00,10266,1375.28,4897.8198,964.098,11616.2998,6456.4702,3085.4199,1182.9399,39844.3276,E1,Y,N
12/04/2022,23:00,10028.2998,1551.54,4946.54,969.779,11780.7998,6975.1602,2952.3,1256.9301,40461.3489,E2,N,N
12/04/2022,23:00,10278.0996,1328.8101,4899.8799,918.904,11731.4004,6439.4502,3146.8201,1179.62,39922.9843,E3,N,N
12/04/2022,23:00,10212.625,1396.1101,4923.6045,946.4399,11652.5605,6577.6328,3073.6299,1195.9299,39978.5326,M,N,N
12/04/2022,24:00,9456.7412,1414.1642,5257.356,992.4576,10853.1191,6017.2129,3005.125,1231.3103,38227.4863,A3,N,N
12/04/2022,24:00,9424.7568,1326.7188,5194.249,794.8193,11044.9688,6152.7017,3081.0332,1309.1439,38328.3915,A6,N,N
12/04/2022,24:00,9851.6299,1231.45,4868.6699,888.32,10477.2998,6067.3701,2913.28,1092.4399,37390.4596,E,N,N
12/04/2022,24:00,9831.79,1281.53,4806.9302,910.88,10745.5,6070.8101,2913.28,1123.86,37684.5803,E1,Y,N
12/04/2022,24:00,9621.0303,1440.41,4839.3799,918.124,10941,6566.79,2775.46,1191.41,38293.6042,E2,N,N
12/04/2022,24:00,9851.6299,1231.45,4820.0498,862.661,10925.7998,6067.3701,2983.7,1111.38,37854.0406,E3,N,N
12/04/2022,24:00,9789.0195,1296.21,4828.8955,892.4304,10817.25,6193.085,2903.4719,1131.6665,37852.0288,M,N,N
12/05/2022,1:00,9120.0645,1381.7382,5264.1855,887.5028,10030.209,5619.0576,2837.2822,1272.1235,36412.1633,A3,N,N
12/05/2022,1:00,8965.4277,1370.2211,5277.8335,649.9595,9873.3379,5567.4546,2912.9104,1538.692,36155.8367,A6,N,N
12/05/2022,1:00,9589.1201,1175.54,4869.4399,834.056,9893.5098,5801.8599,2768.8999,1038.12,35970.5456,E,N,N
12/05/2022,1:00,9579.2197,1223.55,4875.8599,855.947,10096.7002,5794,2768.8999,1072.74,36266.9167,E1,Y,N
12/05/2022,1:00,9408.0098,1340.95,4805.79,866.401,10317.0996,6187.8198,2633.8899,1130.67,36690.6301,E2,N,N
12/05/2022,1:00,9589.1201,1175.54,4732.8398,803.883,10211.2998,5801.8599,2852.78,1060.63,36227.9526,E3,N,N
12/05/2022,1:00,9541.3672,1228.895,4807.3223,837.0544,10161.4316,5896.3848,2764.5054,1077.791,36314.7517,M,N,N
12/05/2022,2:00,8850.3076,1332.6234,5272.4443,860.1281,9711.5811,5425.5034,2775.8108,1249.6565,35478.0552,A3,N,N
12/05/2022,2:00,8727.8018,1336.6816,5291.855,585.4453,9491.9414,5379.23,2818.8682,1539.1381,35170.9614,A6,N,N
12/05/2022,2:00,9358.0703,1142.23,4682.8398,802.041,9500.5303,5565.4902,2652.6299,997.274,34701.1055,E,N,N
12/05/2022,2:00,9367.2002,1188.7,4727.2202,823.083,9677.3203,5573.4102,2652.6299,1034.37,35043.9338,E1,Y,N
12/05/2022,2:00,9227.2402,1286,4782.9702,835.811,9854.5996,5907.2598,2524.8899,1085.99,35504.7607,E2,N,N
12/05/2022,2:00,9358.0703,1142.23,4678.6201,768.59,9739.0996,5565.4902,2737.3,1027.8,35017.2002,E3,N,N
12/05/2022,2:00,9327.6455,1189.79,4717.4907,804.0361,9716.7441,5652.9126,2650.3293,1039.4111,35098.3594,M,N,N
12/05/2022,3:00,8720.6875,1328.436,5294.2852,856.0204,9604.0146,5379.9302,2716.8386,1230.4081,35130.6206,A3,N,N
12/05/2022,3:00,8571.6289,1341.4868,5343.7329,589.1996,9482.8301,5358.8535,2759.3198,1506.5449,34953.5965,A6,N,N
12/05/2022,3:00,9281.0195,1132.14,4561.48,784.12,9289.1396,5449.5898,2584.3601,959.215,34041.064,E,N,N
12/05/2022,3:00,9298.71,1175.05,4633.6602,804.868,9431.3896,5461.1802,2584.3601,998.763,34387.9811,E1,Y,N
12/05/2022,3:00,9191.1699,1251.59,4844.46,819.085,9591.0303,5733.7402,2471.6799,1044.36,34947.1153,E2,N,N
12/05/2022,3:00,9281.0195,1132.14,4689.9199,750.171,9441.2197,5449.5898,2668.1001,991.353,34403.513,E3,N,N
12/05/2022,3:00,9262.9795,1172.73,4695.2236,786.1661,9453.4023,5523.5254,2585.499,1001.6365,34481.1624,M,N,N
12/05/2022,4:00,8781.79,1300.9248,5282.0181,852.1118,9685.8203,5329.2964,2667.3379,1199.9126,35099.2119,A3,N,N
12/05/2022,4:00,8567.502,1371.9138,5385.3306,591.6257,9490.4639,5312.9849,2670.6113,1467.1346,34857.5668,A6,N,N
12/05/2022,4:00,9322.0303,1128.3199,4545.9199,786.926,9277.6299,5406.8198,2549.1799,942.621,33959.4467,E,N,N
12/05/2022,4:00,9338.7998,1169.96,4614.0498,807.208,9410.6396,5423.2798,2549.1799,980.333,34293.4499,E1,Y,N
12/05/2022,4:00,9255.2197,1247.28,4891.2998,820.115,9537.1299,5698.4102,2447.3,1027.91,34924.6646,E2,N,N
12/05/2022,4:00,9322.0303,1128.3199,4727.7002,753.989,9429.1699,5406.8198,2627.1001,970.961,34366.0902,E3,N,N
12/05/2022,4:00,9309.5195,1168.47,4712.9204,788.7657,9428.7969,5483.8325,2550.9822,983.2903,34426.5775,M,N,N
12/05/2022,5:00,9022.7695,1322.2784,5293.8174,857.1952,9888.3887,5416.9893,2686.4626,1230.2189,35718.12,A3,N,N
12/05/2022,5:00,8804.375,1429.9152,5415.2241,568.709,9853.4609,5365.1528,2697.803,1547.5636,35682.2036,A6,N,N
12/05/2022,5:00,9508.7402,1156.87,4529.6201,806.037,9483.3203,5512.1899,2559.99,969.178,34525.9455,E,N,N
12/05/2022,5:00,9516.9199,1195.83,4596.5298,825.322,9611.8203,5519.98,2559.99,1002.22,34828.612,E1,Y,N
12/05/2022,5:00,9447.04,1274.01,4897.0298,837.761,9714.5098,5801.1499,2462.3501,1048.87,35482.7206,E2,N,N
12/05/2022,5:00,9508.7402,1156.87,4732.8198,776.232,9643.04,5512.1899,2639.73,995.52,34965.1419,E3,N,N
12/05/2022,5:00,9495.3594,1195.895,4709.3198,808.3574,9629.1445,5586.3774,2563.489,1006.5812,34994.5237,M,N,N
12/05/2022,6:00,9436.6592,1364.6431,5325.1934,892.2222,10530.4063,5734.9893,2787.6631,1291.8125,37363.5891,A3,N,N
12/05/2022,6:00,9189.1787,1517.6022,5432.1489,590.3478,10334.2314,5702.2534,2791.5408,1652.5327,37209.8359,A6,N,N
12/05/2022,6:00,10006.5996,1242.78,4599.5698,863.493,10074.7002,5810.2798,2679.5601,1026.9,36303.8825,E,N,N
12/05/2022,6:00,9990.3604,1278.71,4661.0098,881.931,10193.5,5798.2998,2679.5601,1048.5699,36531.941,E1,Y,N
12/05/2022,6:00,9937.9297,1354.63,4899.1899,890.061,10299.7002,6086,2594.48,1097.0699,37159.0607,E2,N,N
12/05/2022,6:00,10006.5996,1242.78,4737.1602,842.354,10248.2002,5810.2798,2756.9099,1050.4301,36694.7138,E3,N,N
12/05/2022,6:00,9985.3721,1279.725,4737.9912,867.3458,10221.375,5876.2148,2685.3623,1058.0955,36711.4817,M,N,N
12/05/2022,7:00,10007.9063,1495.0906,5333.1431,955.1862,11589.957,6253.5767,2975.7449,1353.5662,39964.171,A3,N,N
12/05/2022,7:00,9722.7432,1676.7402,5385.832,601.0769,11335.8398,6158.8345,3005.5776,1711.2666,39597.9108,A6,N,N
12/05/2022,7:00,10683.2998,1380.02,4629.25,952.399,11036.7002,6326.6699,2909.3501,1105.02,39022.709,E,N,N
12/05/2022,7:00,10633,1411.08,4666.6201,970.829,11130.5996,6285.5098,2909.3501,1119.21,39126.1986,E1,Y,N
12/05/2022,7:00,10597.2998,1480.54,5002.3999,972.124,11255.2002,6563.54,2844.21,1163.88,39879.1939,E2,N,N
12/05/2022,7:00,10683.2998,1380.02,4851.2598,943.844,11212.5,6326.6699,2989.6899,1134.05,39521.3334,E3,N,N
12/05/2022,7:00,10649.2246,1412.915,4809.5835,958.9435,11176.3301,6375.5972,2921.1841,1133.443,39437.221,M,N,N
12/05/2022,8:00,10313.9922,1552.5947,5356.5752,1070.4335,12043.5859,6526.9312,3108.4402,1301.224,41273.7769,A3,N,N
12/05/2022,8:00,9947.6387,1699.4739,5426.668,948.4817,11722.541,6417.0259,3109.7141,1412.1643,40683.7076,A6,N,N
12/05/2022,8:00,11013.5,1432.39,4796.6699,985.287,11569.4004,6612.73,3019.8501,1170.97,40600.7974,E,N,N
12/05/2022,8:00,10942.2998,1462.13,4819.9302,1002.28,11649.0996,6574.7598,3019.8501,1171.4,40641.7495,E1,Y,N
12/05/2022,8:00,10930,1526.5,5053.6401,1000.45,11778,6812.4102,2979.6899,1229.35,41310.0402,E2,N,N
12/05/2022,8:00,11013.5,1432.39,4916.21,980.844,11736.7998,6612.73,3100.3701,1191.05,40983.8939,E3,N,N
12/05/2022,8:00,10974.8252,1463.3525,4908.5664,991.771,11700.0645,6653.1577,3037.9922,1192.7006,40922.4301,M,N,N
12/05/2022,9:00,10570.5645,1514.8831,5354.8896,1142.5133,11797.7207,6600.2393,3082.6548,1216.8311,41280.2964,A3,N,N
12/05/2022,9:00,10170.3145,1697.6051,5496.0366,1199.9684,11318.3291,6381.584,3076.5398,1221.2513,40561.6288,A6,N,N
12/05/2022,9:00,11270.5996,1450.3,4800.2402,972.338,11665.4004,6690.1602,3040.04,1205.6,41094.6784,E,N,N
12/05/2022,9:00,11164,1476.12,4840.02,986.088,11739.4004,6657.2402,3040.04,1201.75,41104.6586,E1,Y,N
12/05/2022,9:00,11137.0996,1530.03,5029.6499,982.835,11910.4004,6844.5898,2996.8301,1253.77,41685.2048,E2,N,N
12/05/2022,9:00,11270.5996,1450.3,4888.5098,971.178,11801,6690.1602,3122.8101,1220.64,41415.1977,E3,N,N
12/05/2022,9:00,11210.5742,1476.6875,4898.4321,977.9938,11792.6104,6720.5371,3058.207,1221.944,41356.9861,M,N,N
12/05/2022,10:00,10891.0947,1499.3488,5236.335,1138.0328,11733.2559,6664.3765,3162.2803,1214.5961,41539.3201,A3,N,N
12/05/2022,10:00,10478.3115,1678.9788,5215.2061,1149.2347,11288.9502,6444.5317,3140.9026,1272.3719,40668.4875,A6,N,N
12/05/2022,10:00,11647,1470.78,4810.1602,944.863,11788.5,6763.0098,3131.5801,1216.27,41772.1631,E,N,N
12/05/2022,10:00,11481.4004,1494.0601,4870.0098,955.735,11838,6731.6699,3131.5801,1215,41717.4553,E1,Y,N
12/05/2022,10:00,11415.5,1536.8101,5007.2202,951.795,12078.5996,6862.79,3072.02,1262.49,42187.2249,E2,N,N
12/05/2022,10:00,11647,1470.78,4864.8101,943.493,11862.2998,6763.0098,3225.4199,1229.97,42006.7826,E3,N,N
12/05/2022,10:00,11547.7256,1493.1075,4893.5151,948.8345,11899.2295,6780.1201,3149.5342,1232.3025,41944.369,M,N,N
12/05/2022,11:00,11240.8311,1473.4802,5150.8149,1148.6198,11837.1318,6753.6021,3204.7366,1271.5919,42080.8084,A3,N,N
12/05/2022,11:00,10889.291,1636.3386,5139.8667,1143.4269,11422.0234,6500.2344,3169.2771,1320.7778,41221.2359,A6,N,N
12/05/2022,11:00,12037.7002,1488.17,4869.7998,927.234,11852,6803.5498,3211.55,1218.92,42408.9238,E,N,N
12/05/2022,11:00,11785.7002,1505.24,4937.9502,935.912,11847.7002,6769.9102,3211.55,1223.1801,42217.1429,E1,Y,N
12/05/2022,11:00,11690.5,1538.66,5025.6899,929.579,12209,6856.8398,3138.04,1265.4301,42653.7388,E2,N,N
12/05/2022,11:00,12037.7002,1488.17,4891.1899,926.516,11849.4004,6803.5498,3319.45,1232.1,42548.0763,E3,N,N
12/05/2022,11:00,11887.9004,1505.0601,4933.2964,929.7385,11939.2656,6808.4619,3230.9375,1236.2256,42470.886,M,N,N
12/05/2022,12:00,11628.7061,1497.0637,5102.3105,1159.485,11963.167,6813.5513,3294.4585,1283.4946,42742.2367,A3,N,N
12/05/2022,12:00,11248.6523,1646.6198,5078.0161,1152.8151,11707.9756,6603.626,3292.3223,1309.9143,42039.9415,A6,N,N
12/05/2022,12:00,12395,1495.9301,4887.6899,925.024,11870.7998,6867.48,3289.54,1230.9301,42962.3939,E,N,N
12/05/2022,12:00,12048.2998,1504.26,4972.5698,930.417,11811.7002,6798.46,3289.54,1235.1,42590.3468,E1,Y,N
12/05/2022,12:00,11941.2998,1533.51,5034.8301,920.446,12310.2002,6850.6899,3211,1274.1,43076.076,E2,N,N
12/05/2022,12:00,12395,1495.9301,4892.9702,921.621,11765.7002,6867.48,3409.8999,1243.3,42991.9014,E3,N,N
12/05/2022,12:00,12194.9004,1507.4075,4947.543,924.0367,11929.0898,6846.0273,3312.0308,1247.0945,42908.13,M,N,N
12/05/2022,13:00,11949.2441,1523.6119,5064.8247,1127.0986,12062.9297,6931.4194,3366.834,1319.3805,43345.3429,A3,N,N
12/05/2022,13:00,11752.1309,1607.4109,4994.5034,1049.7057,12191.3955,6816.7705,3392.1877,1327.7026,43131.8072,A6,N,N
12/05/2022,13:00,12675.5996,1513.77,4899.7402,908.656,11934.2998,6942.75,3366.5801,1244.6899,43486.0856,E,N,N
12/05/2022,13:00,12222.9004,1508.85,4978.7202,911.094,11784.4004,6832.6401,3366.5801,1249.83,42855.0152,E1,Y,N
12/05/2022,13:00,12129.7002,1532.22,4988.5801,900.62,12439.9004,6870.2002,3288.74,1285.5601,43435.521,E2,N,N
12/05/2022,13:00,12675.5996,1513.77,4847.6802,900.792,11690.9004,6942.75,3498.01,1258.25,43327.7522,E3,N,N
12/05/2022,13:00,12425.9502,1517.1526,4923.4741,904.5042,11938.0352,6897.0854,3393.1206,1260.9385,43260.2608,M,N,N
12/05/2022,14:00,12325.7793,1597.7803,5065.7021,1071.5073,12260.1689,7059.1216,3423.7527,1323.2164,44127.0286,A3,N,N
12/05/2022,14:00,12263.8066,1624.9595,4933.9897,909.7026,12746.1367,7076.1367,3491.6611,1351.052,44397.4449,A6,N,N
12/05/2022,14:00,12915.5,1548.65,5074.3901,912.879,11930,7022.9399,3443.49,1237.6801,44085.5291,E,N,N
12/05/2022,14:00,12407.5996,1527.52,5170.8999,911.657,11806.9004,6876.9502,3443.49,1251.02,43396.0371,E1,Y,N
12/05/2022,14:00,12334.9004,1549.12,4998.1201,900.385,12522.0996,6910.23,3372.3999,1288.34,43875.595,E2,N,N
12/05/2022,14:00,12915.5,1548.65,4848.96,900.248,11653.5,7022.9399,3583.48,1260.8199,43734.0978,E3,N,N
12/05/2022,14:00,12643.375,1543.4851,5000.5498,905.0292,11950.4746,6958.2656,3474.7141,1261.7791,43737.6725,M,N,N
12/05/2022,15:00,12448.0303,1636.6489,5172.146,1052.5184,12406.3506,7171.3335,3482.5596,1321.965,44691.5523,A3,N,N
12/05/2022,15:00,12566.2451,1634.217,5144.6211,880.7729,12937.0576,7291.1558,3547.1384,1350.478,45351.6859,A6,N,N
12/05/2022,15:00,13049.2002,1576.58,5005.4502,910.666,11951.5,7124.0601,3506.46,1262.63,44386.5465,E,N,N
12/05/2022,15:00,12511.7998,1547.65,5125.4399,903.881,11819.5,6960.0498,3506.46,1276.0601,43650.8406,E1,Y,N
12/05/2022,15:00,12465.5996,1569.51,4997.7798,895.049,12515.0996,6987.7998,3446.75,1317.5699,44195.1577,E2,N,N
12/05/2022,15:00,13049.2002,1576.58,4828.4102,880.604,11626.0996,7124.0601,3650.73,1278.46,44014.1441,E3,N,N
12/05/2022,15:00,12768.9512,1567.5801,4971.5659,894.5438,11945.5098,7048.9922,3542.0269,1285.2629,44024.4328,M,N,N
12/05/2022,16:00,12360.458,1670.2509,5162.4082,1094.3958,12517.3984,7272.3975,3522.1802,1317.8739,44917.3629,A3,N,N
12/05/2022,16:00,12577.2061,1652.1111,5155.3442,952.9064,13071.2578,7412.4868,3615.2747,1307.1267,45743.7138,A6,N,N
12/05/2022,16:00,13083.5996,1591.8199,4887.8101,909.896,12014.0996,7236.7402,3543.4199,1294.7,44562.0853,E,N,N
12/05/2022,16:00,12567.7002,1562.0699,5037.3101,903.115,11876.5996,7029.3301,3543.4199,1311.64,43831.1848,E1,Y,N
12/05/2022,16:00,12543.4004,1584.34,5017.7598,894.604,12449.5996,7056.0498,3496.7,1356.27,44398.7236,E2,N,N
12/05/2022,16:00,13083.5996,1591.8199,4809.8101,864.217,11655.5,7236.7402,3685.29,1306.37,44233.3468,E3,N,N
12/05/2022,16:00,12819.5742,1582.5125,4930.3726,888.3901,11963.0898,7139.7158,3581.3945,1318.412,44223.4615,M,N,N
12/05/2022,17:00,12323.4785,1734.4729,5123.7622,1124.3451,12690.3223,7468.9526,3567.832,1385.162,45418.3276,A3,N,N
12/05/2022,17:00,12669.1182,1713.719,5120.5015,957.1002,13278.5166,7708.9307,3694.2419,1432.8932,46575.0213,A6,N,N
12/05/2022,17:00,13034.5996,1612.01,4822.29,921.728,12186.7002,7387.54,3561.8301,1329.58,44856.2779,E,N,N
12/05/2022,17:00,12543.2002,1586.58,4981.3198,912.713,12113.5,7166.29,3561.8301,1353.23,44218.6631,E1,Y,N
12/05/2022,17:00,12543.4004,1606.53,5059.1099,905.428,12460.5,7189.71,3526.3101,1399.5,44690.4884,E2,N,N
12/05/2022,17:00,13034.5996,1612.01,4837.1099,856.644,11891.0996,7387.54,3699.03,1341.05,44659.0831,E3,N,N
12/05/2022,17:00,12788.9492,1604.2826,4926.4395,892.6198,12133.3896,7282.7695,3600.9702,1356.9871,44586.4075,M,N,N
12/05/2022,18:00,12483.124,1836.0979,4959.2944,1198.1383,13204.9512,7782.7617,3624.7192,1420.4036,46509.4903,A3,N,N
12/05/2022,18:00,12834.0859,1782.9774,4899.1392,1042.6949,13816.6523,8071.0576,3763.0486,1460.916,47670.5719,A6,N,N
12/05/2022,18:00,13224.5996,1669.3101,4761.5098,957.991,12776,7626.4199,3582.01,1353.67,45951.5104,E,N,N
12/05/2022,18:00,12764.2998,1662.26,4903.7598,963.042,12684.4004,7437.3198,3582.01,1371.54,45368.6318,E1,Y,N
12/05/2022,18:00,12783.4004,1675.08,5100.04,953.114,12813.5,7459.0601,3554.25,1421.33,45759.7745,E2,N,N
12/05/2022,18:00,13224.5996,1669.3101,4877.6099,896.669,12464.7002,7626.4199,3709.6201,1369.89,45838.8188,E3,N,N
12/05/2022,18:00,12999.2246,1668.99,4922.3398,936.5718,12653.5195,7537.3047,3619.7334,1380.7295,45718.4133,M,N,N
12/05/2022,19:00,12488.1816,1897.2468,5060.2837,1188.0232,13586.2305,8038.0225,3766.9001,1480.8804,47505.7688,A3,N,N
12/05/2022,19:00,12815.334,1757.6013,5059.8301,1006.2086,14118.6943,8222.334,3889.6921,1532.6083,48402.3027,A6,N,N
12/05/2022,19:00,13243.5996,1695.1899,4774.3701,1012.12,13155.2002,7816.3501,3686.8401,1356.75,46740.42,E,N,N
12/05/2022,19:00,12842.4004,1686.73,4869.2798,1015.09,12935.2998,7662.6099,3686.8401,1384.0699,46082.3199,E1,Y,N
12/05/2022,19:00,12865.2002,1695.52,5211.8999,1002.09,13092.9004,7676.3901,3668.1799,1437.03,46649.2105,E2,N,N
12/05/2022,19:00,13243.5996,1695.1899,5009.7002,957.973,12716.2998,7816.3501,3804.0701,1381.28,46624.4627,E3,N,N
12/05/2022,19:00,13048.7002,1693.1575,4989.8457,991.4036,12931.0352,7742.9248,3723.2056,1392.2356,46512.5082,M,N,N
12/05/2022,20:00,12226.2305,1882.2179,5124.0049,1160.3522,13289.5986,7960.2417,3757.947,1475.9321,46876.5249,A3,N,N
12/05/2022,20:00,12557.4453,1765.0991,5128.231,955.7089,13736.6328,8155.5479,3897.738,1558.0189,47754.4219,A6,N,N
12/05/2022,20:00,12950.5996,1667.73,4788.73,1034.3199,12921,7684.3599,3649.6001,1320.1,46016.4395,E,N,N
12/05/2022,20:00,12616.7998,1665.7,4847.98,1030.28,12749.2002,7530.5898,3649.6001,1330.5699,45420.7198,E1,Y,N
12/05/2022,20:00,12637.2998,1675.28,5159.1201,1018.79,12881,7553.5898,3634.6201,1383.05,45942.7498,E2,N,N
12/05/2022,20:00,12950.5996,1667.73,4987.2202,988.494,12495.5,7684.3599,3759.48,1333.01,45866.3937,E3,N,N
12/05/2022,20:00,12788.8252,1669.1101,4965.6113,1013.3884,12719.125,7613.2251,3684.313,1342.9735,45796.5716,M,N,N
12/05/2022,21:00,11965.7656,1856.1815,5211.9111,1110.1235,13117.4795,7780.1729,3696.6931,1452.4956,46190.8228,A3,N,N
12/05/2022,21:00,12250.9873,1732.6401,5209.4766,920.8891,13454.2578,7994.1968,3825.6882,1551.7067,46939.8426,A6,N,N
12/05/2022,21:00,12656.9004,1621.8,4943.6499,1028.1,12594,7512.0098,3577.96,1299.51,45233.9301,E,N,N
12/05/2022,21:00,12348.2998,1620.3101,4980.02,1027.8199,12479,7383.52,3577.96,1312.86,44729.7898,E1,Y,N
12/05/2022,21:00,12371.9004,1634.7,5124.8999,1018.26,12555,7417.2402,3564.1699,1362.66,45048.8304,E2,N,N
12/05/2022,21:00,12656.9004,1621.8,4971.1802,988.517,12205.2002,7512.0098,3680.2,1310.23,44946.0376,E3,N,N
12/05/2022,21:00,12508.5,1624.6525,5007.6904,1011.7159,12419.4199,7456.1953,3610.2964,1322.387,44960.8574,M,N,N
12/05/2022,22:00,11571.9297,1767.1213,5286.1465,1109.4097,12468.1406,7366.3779,3586.8398,1392.3201,44548.2856,A3,N,N
12/05/2022,22:00,11741.9951,1659.9795,5246.3682,908.6507,12882.5645,7671.2515,3715.687,1498.5042,45325.0007,A6,N,N
12/05/2022,22:00,12240.2002,1557.53,4990.9399,995.358,12097.7998,7250.3501,3483.0901,1233.8199,43849.088,E,N,N
12/05/2022,22:00,11975.5996,1559.35,5024.0898,997.078,12022.7998,7148.71,3483.0901,1248.75,43459.4673,E1,Y,N
12/05/2022,22:00,12004.2002,1577.1899,5105.8901,990.561,12052.7998,7195.5098,3469.51,1298.76,43694.4208,E2,N,N
12/05/2022,22:00,12240.2002,1557.53,4954.21,955.39,11770.4004,7250.3501,3581.95,1240.58,43550.6107,E3,N,N
12/05/2022,22:00,12115.0508,1562.9,5015.1094,980.6,11953.2109,7211.23,3514.2959,1256.1534,43608.5504,M,N,N
12/05/2022,23:00,10959.4014,1659.8586,5284.7847,1031.9993,11812.5791,6887.6709,3401.1685,1315.5392,42353.0017,A3,N,N
12/05/2022,23:00,11014.6553,1555.7933,5266.9668,836.0829,12066.7988,7147.0488,3511.3469,1409.417,42808.1098,A6,N,N
12/05/2022,23:00,11655.0996,1448.1801,4994.4302,929.479,11292.2002,6832.5098,3287.73,1151.96,41591.5889,E,N,N
12/05/2022,23:00,11444.7002,1461.5601,5013.1699,934.291,11282.5996,6760.2002,3287.73,1169.67,41353.921,E1,Y,N
12/05/2022,23:00,11465.7998,1480.23,5039.6899,928.424,11232.9004,6804.4302,3269.72,1214.79,41435.9843,E2,N,N
12/05/2022,23:00,11655.0996,1448.1801,4892.6499,890.477,11052.5996,6832.5098,3385.9199,1153.29,41310.7259,E3,N,N
12/05/2022,23:00,11555.1748,1459.5376,4974.8066,916.7676,11191.1152,6807.4126,3317.5938,1172.5605,41394.9687,M,N,N
12/05/2022,24:00,10352.7627,1529.9911,5292.563,959.1606,11044.6348,6407.9966,3183.5769,1246.1099,40016.7956,A3,N,N
12/05/2022,24:00,10341.1621,1413.1638,5247.1279,777.0309,11272.4395,6671.4087,3298.8606,1328.3152,40349.5087,A6,N,N
12/05/2022,24:00,11005.4004,1335.47,4885.02,867.704,10393.7998,6357.52,3071.72,1083.85,39000.4842,E,N,N
12/05/2022,24:00,10848.5996,1360.26,4938.8501,875.701,10445.7002,6315.2598,3071.72,1106.98,38963.0707,E1,Y,N
12/05/2022,24:00,10865.2002,1380.25,4953.21,871.645,10349.7998,6363.8901,3050.25,1146.17,38980.4151,E2,N,N
12/05/2022,24:00,11005.4004,1335.47,4808.77,829.759,10255.5996,6357.52,3168.9299,1081.41,38842.8589,E3,N,N
12/05/2022,24:00,10931.1504,1352.8625,4888.8374,857.4078,10347.4053,6348.5479,3100.376,1104.3585,38930.9458,M,N,N
12/06/2022,1:00,9843.4268,1457.0187,5254.5181,843.6776,10149.0527,5965.0698,2994.0571,1301.9596,37808.7804,A3,N,N
12/06/2022,1:00,9680.7109,1457.5912,5309.1729,634.3206,10046.7227,5988.2153,3109.4795,1566.1406,37792.3537,A6,N,N
12/06/2022,1:00,10538.5996,1247.83,4876.4302,809.892,9585.5996,5991.2598,2883.27,1025.72,36958.6012,E,N,N
12/06/2022,1:00,10426.0996,1289.1,4944.29,820.935,9697.21,5973.3799,2883.27,1054.42,37088.7045,E1,Y,N
12/06/2022,1:00,10419.5,1299.96,4866.0801,815.644,9577.7305,5997.1099,2859.03,1083.4,36918.4545,E2,N,N
12/06/2022,1:00,10538.5996,1247.83,4718.2598,777.939,9512.6602,5991.2598,2981.6001,1019.55,36787.6985,E3,N,N
12/06/2022,1:00,10480.6992,1271.1799,4835.4482,802.9072,9586.0059,5988.2524,2911.6255,1045.1555,36921.2738,M,N,N
12/06/2022,2:00,9498.7246,1401.7802,5260.0308,801.6788,9743.7432,5733.6694,2866.4233,1284.9143,36590.9646,A3,N,N
12/06/2022,2:00,9378.6074,1417.2716,5299.2949,560.3005,9586.0742,5744.1387,2972.1914,1572.5062,36530.3849,A6,N,N
12/06/2022,2:00,10199,1192.4301,4650.9399,773.531,9037.0703,5721.98,2749.95,1000.77,35325.6713,E,N,N
12/06/2022,2:00,10108.2002,1239.99,4719.1699,785.456,9180.7695,5726.79,2749.95,1027.54,35537.8656,E1,Y,N
12/06/2022,2:00,10089.5,1244.89,4780.5098,779.132,9100.6797,5732.8701,2726.24,1051.51,35505.3316,E2,N,N
12/06/2022,2:00,10199,1192.4301,4643.7002,748.013,8981.2197,5721.98,2843.74,992.243,35322.326,E3,N,N
12/06/2022,2:00,10148.9258,1217.4351,4697.856,768.9812,9069.3496,5725.9053,2776.8491,1017.1631,35422.4652,M,N,N
12/06/2022,3:00,9226.9512,1390.8036,5279.8794,803.5448,9718.6338,5635.8423,2773.761,1273.6017,36103.0178,A3,N,N
12/06/2022,3:00,9062.877,1419.4993,5299.8989,568.3486,9610.9971,5682.77,2881.7986,1550.454,36076.6435,A6,N,N
12/06/2022,3:00,9999.3896,1158.12,4524.5298,754.664,8705.04,5567.4902,2653.8301,955.63,34318.6937,E,N,N
12/06/2022,3:00,9921.7803,1209.03,4592.3301,766.597,8851.0498,5579,2653.8301,989.489,34563.1063,E1,Y,N
12/06/2022,3:00,9890.4102,1207.5699,4810.3398,758.965,8747.0596,5566.6802,2630.1399,1007.76,34618.9246,E2,N,N
12/06/2022,3:00,9999.3896,1158.12,4649.77,731.872,8672.3096,5567.4902,2742.3999,955.89,34477.2413,E3,N,N
12/06/2022,3:00,9952.7422,1183.21,4656.7666,750.7453,8740.5918,5570.165,2678.9067,977.2183,34510.3459,M,N,N
12/06/2022,4:00,9214.918,1361.4015,5266.9092,802.189,9665.4316,5542.4985,2689.6238,1251.1794,35794.151,A3,N,N
12/06/2022,4:00,8962.9492,1443.1083,5316.5947,573.3392,9547.5459,5569.2148,2761.6841,1521.0657,35695.5019,A6,N,N
12/06/2022,4:00,9963.1904,1153.47,4490.4902,758.602,8711.6602,5522.6001,2617.6399,942.751,34160.4038,E,N,N
12/06/2022,4:00,9876.29,1197.58,4558.7202,770.413,8820.7803,5536.6201,2617.6399,975.505,34353.5485,E1,Y,N
12/06/2022,4:00,9844.8096,1195.73,4833.2998,762.522,8680.0195,5521.48,2594.9099,993.2,34425.9708,E2,N,N
12/06/2022,4:00,9963.1904,1153.47,4656.2598,737.878,8671.1504,5522.6001,2698.6799,945.094,34348.3226,E3,N,N
12/06/2022,4:00,9911.8711,1175.0625,4651.2695,755.2814,8716.8516,5525.8252,2640.3213,964.3718,34340.8544,M,N,N
12/06/2022,5:00,9408.3955,1383.4613,5277.6465,796.4622,9904.2354,5604.9697,2697.1929,1288.1945,36360.558,A3,N,N
12/06/2022,5:00,9164.7324,1489.3898,5327.7217,545.7617,9801.1934,5587.0044,2762.3638,1609.0162,36287.1834,A6,N,N
12/06/2022,5:00,10086.0996,1167.96,4465.3599,780.969,8968.79,5607.1802,2638.1001,972.476,34686.9348,E,N,N
12/06/2022,5:00,10002.2002,1211.1801,4528.6802,790.478,9026.5898,5609.8799,2638.1001,1000.48,34807.5883,E1,Y,N
12/06/2022,5:00,9970.4199,1208.66,4824.3398,782.126,8854.1396,5591.4902,2615.3101,1018.13,34864.6156,E2,N,N
12/06/2022,5:00,10086.0996,1167.96,4643.0498,755.966,8936.1104,5607.1802,2718.6001,972.106,34887.0721,E3,N,N
12/06/2022,5:00,10036.2051,1188.9401,4633.1265,774.8845,8943.1396,5603.9326,2660.5776,990.761,34831.567,M,N,N
12/06/2022,6:00,9823.4375,1429.2612,5308.7817,823.4349,10471.96,5882.9834,2781.9153,1354.7666,37876.5406,A3,N,N
12/06/2022,6:00,9570.5215,1579.9844,5341.7168,563.1405,10337.5586,5828.2324,2836.3384,1715.811,37773.3036,A6,N,N
12/06/2022,6:00,10543.9004,1242.35,4526.04,855.682,9584.46,5892.96,2765.54,1032.38,36443.3124,E,N,N
12/06/2022,6:00,10468.5996,1285.4,4581.6899,862.791,9668.2598,5868.2402,2765.54,1050.16,36550.6805,E1,Y,N
12/06/2022,6:00,10433.9004,1281.78,4814.6499,852.994,9426.9199,5845.3501,2740.72,1067.87,36464.1843,E2,N,N
12/06/2022,6:00,10543.9004,1242.35,4644.1299,820.445,9682.8398,5892.96,2846.55,1022.98,36696.1551,E3,N,N
12/06/2022,6:00,10497.5752,1262.97,4653.4365,844.4543,9600.458,5874.8779,2787.6885,1042.4075,36563.8679,M,N,N
12/06/2022,7:00,10575.1602,1568.224,5316.6646,876.619,11439.8486,6399.1841,3022.55,1429.014,40627.2645,A3,N,N
12/06/2022,7:00,10245.1973,1746.3606,5246.853,586.7434,11344.2305,6346.4316,3098.5752,1785.0977,40399.4893,A6,N,N
12/06/2022,7:00,11225.4004,1373.72,4571.5,973.005,10745.2002,6437.3999,3034.55,1120.21,39480.9855,E,N,N
12/06/2022,7:00,11136.7002,1415.49,4626.6499,975.369,10740.5,6364.5801,3034.55,1122.45,39416.2892,E1,Y,N
12/06/2022,7:00,11098.0996,1409.6,4960.29,963.476,10381,6333.8101,3004.98,1140.8,39292.0557,E2,N,N
12/06/2022,7:00,11225.4004,1373.72,4766.96,919.751,10925.5,6437.3999,3118.8999,1102.5601,39870.1913,E3,N,N
12/06/2022,7:00,11171.4004,1393.1324,4750.896,952.5749,10716.0801,6393.2974,3056.6802,1119.74,39553.8014,M,N,N
12/06/2022,8:00,10835.9492,1637.7047,5340.9219,1035.8328,11878.0508,6652.8413,3123.0815,1363.6465,41868.0287,A3,N,N
12/06/2022,8:00,10439.4443,1774.1018,5281.9438,938.5287,11780.2119,6593.2144,3199.1792,1470.8938,41477.5179,A6,N,N
12/06/2022,8:00,11515,1421.17,4743.02,1020.27,11416.5996,6732.8301,3146.48,1175.03,41170.3997,E,N,N
12/06/2022,8:00,11411.2998,1460.16,4792.0498,1014.47,11355.7002,6647.3999,3146.48,1163.91,40991.4697,E1,Y,N
12/06/2022,8:00,11370.7998,1452.66,5029.27,1001.52,10947.2002,6606.8301,3115.8101,1181.97,40706.0602,E2,N,N
12/06/2022,8:00,11515,1421.17,4838.4102,958.9,11638.0996,6732.8301,3237.1201,1141.58,41483.11,E3,N,N
12/06/2022,8:00,11453.0254,1438.79,4860.2266,992.653,11361.5498,6679.9727,3170.5366,1162.2775,41119.0316,M,N,N
12/06/2022,9:00,11230.4033,1607.214,5341.8252,1137.9321,11696.8594,6730.7515,3127.9873,1284.8556,42157.8284,A3,N,N
12/06/2022,9:00,10668.3799,1768.3799,5328.3076,1193.7327,11441.8711,6567.9868,3161.9734,1227.1375,41357.7689,A6,N,N
12/06/2022,9:00,11778.4004,1441.8199,4725.6201,1005.1,11529.2998,6785.8599,3146.23,1199.55,41611.8801,E,N,N
12/06/2022,9:00,11658.2998,1478.84,4772.23,1000.88,11470.2998,6714.6201,3146.23,1188.6899,41430.0896,E1,Y,N
12/06/2022,9:00,11615.0996,1470.11,4962.4702,987.859,11105.5996,6667.79,3116.8999,1205.98,41131.8083,E2,N,N
12/06/2022,9:00,11778.4004,1441.8199,4769.98,946.409,11676.2002,6785.8599,3242.5701,1160.98,41802.2195,E3,N,N
12/06/2022,9:00,11707.5498,1458.1475,4812.0107,979.1929,11460.0391,6738.5322,3172.6165,1184.943,41513.0317,M,N,N
12/06/2022,10:00,11699.9824,1606.9832,5228.1602,1137.222,11882.4209,6820.5928,3216.5054,1295.8877,42887.7546,A3,N,N
12/06/2022,10:00,11115.0938,1763.2197,5198.2075,1148.0454,11492.207,6638.8389,3232.5671,1279.3464,41867.5258,A6,N,N
12/06/2022,10:00,12186.7002,1472.37,4744.6099,982.368,11634.5,6880.23,3220.01,1199.53,42320.3181,E,N,N
12/06/2022,10:00,12034.4004,1510.89,4787.2402,974.111,11635.7998,6810.1299,3220.01,1196.49,42169.0713,E1,Y,N
12/06/2022,10:00,11988.2998,1501.09,4926.27,961.635,11305.7998,6759.8398,3189.5801,1214.22,41846.7345,E2,N,N
12/06/2022,10:00,12186.7002,1472.37,4734.6602,917.373,11713.7002,6880.23,3333.72,1157.1801,42395.9337,E3,N,N
12/06/2022,10:00,12099.0254,1489.1799,4797.2002,952.3723,11580.3701,6832.6074,3252.2009,1187.62,42190.5762,M,N,N
12/06/2022,11:00,12143.3164,1599.6047,5147.314,1148.5249,12017.7012,6941.4087,3268.8015,1334.2365,43600.9079,A3,N,N
12/06/2022,11:00,11623.126,1735.1797,5129.6323,1146.333,11654.2041,6743.4971,3268.6182,1330.4731,42631.0635,A6,N,N
12/06/2022,11:00,12620.9004,1509.03,4852.6201,974.424,11694.9004,6952.6602,3302.26,1190.1,43096.8951,E,N,N
12/06/2022,11:00,12431.5,1540.54,4900.8701,966.216,11729.5,6884.4702,3302.26,1193.67,42949.0263,E1,Y,N
12/06/2022,11:00,12380.2002,1529.6,4994.29,953.831,11443,6832.2798,3270.6001,1210.71,42614.5111,E2,N,N
12/06/2022,11:00,12620.9004,1509.03,4778.5498,911,11740.7002,6952.6602,3435.3201,1149.24,43097.4007,E3,N,N
12/06/2022,11:00,12513.375,1522.05,4874.1758,945.0254,11656.6055,6905.5176,3340.9163,1181.844,42939.5096,M,N,N
12/06/2022,12:00,12567.5498,1635.5529,5103.1025,1155.6729,12129.9453,7041.9956,3363.0422,1339.5027,44336.3639,A3,N,N
12/06/2022,12:00,12084.6289,1760.7732,5075.0605,1157.5763,11908.4805,6874.2764,3384.27,1322.3048,43567.3706,A6,N,N
12/06/2022,12:00,13005.7002,1531.38,4864.6802,973.619,11730.9004,7059.1699,3389.8301,1198.27,43753.5498,E,N,N
12/06/2022,12:00,12771,1554.91,4914.5601,966.032,11727.2998,6958.46,3389.8301,1203.3,43485.392,E1,Y,N
12/06/2022,12:00,12716.9004,1543.88,4980.6699,953.507,11529.2002,6904.6802,3357.3201,1219.86,43206.0178,E2,N,N
12/06/2022,12:00,13005.7002,1531.38,4791.96,917.833,11713.9004,7059.1699,3538.6201,1155.3101,43713.8737,E3,N,N
12/06/2022,12:00,12874.8252,1540.3875,4880.6953,947.1692,11673.625,6995.3701,3433.7788,1189.889,43535.7401,M,N,N
12/06/2022,13:00,12749.4434,1648.7517,5066.7554,1116.1028,12178.7344,7201.7827,3441.9814,1333.8257,44737.3775,A3,N,N
12/06/2022,13:00,12589.2119,1729.7108,4995.9521,1054.7013,12310.8809,7150.2285,3496.0144,1342.9625,44669.6624,A6,N,N
12/06/2022,13:00,13303.7002,1566.92,4855.54,947.746,11704.4004,7201.5801,3500.3701,1207.3101,44287.5669,E,N,N
12/06/2022,13:00,13030.5996,1584,4903.3198,941.339,11628.2002,7042.29,3500.3701,1211.87,43841.9887,E1,Y,N
12/06/2022,13:00,12974.2002,1572.33,4916.4502,929.172,11576.9004,6987.0898,3467.2,1227.89,43651.2326,E2,N,N
12/06/2022,13:00,13303.7002,1566.92,4762.3398,900.479,11614.9004,7201.5801,3658.46,1163.05,44171.4295,E3,N,N
12/06/2022,13:00,13153.0498,1572.5425,4850.0923,924.9573,11622.1504,7108.1348,3547.4089,1198.104,43976.44,M,N,N
12/06/2022,14:00,12938.1143,1707.4989,5065.6333,1050.9303,12277.2246,7315.7085,3505.3872,1332.1259,45192.623,A3,N,N
12/06/2022,14:00,13026.8789,1745.9178,4935.6221,912.4221,12719.7119,7311.8926,3602.1025,1365.9132,45620.4611,A6,N,N
12/06/2022,14:00,13611.2002,1612.33,5071.8999,944.532,11701.0996,7360.7202,3624.55,1211.38,45137.7119,E,N,N
12/06/2022,14:00,13339.2998,1623.27,5108.4199,935.474,11585.2002,7129.6001,3624.55,1213.61,44559.424,E1,Y,N
12/06/2022,14:00,13281.2002,1610.77,4938.75,923.438,11625.7998,7072.8101,3590.4399,1229.4301,44272.6381,E2,N,N
12/06/2022,14:00,13611.2002,1612.33,4789.1201,901.176,11571.5,7360.7202,3795.1001,1170.65,44811.7966,E3,N,N
12/06/2022,14:00,13460.7246,1614.675,4948.7695,921.8195,11607.9395,7230.9624,3675.7153,1202.1946,44662.8004,M,N,N
12/06/2022,15:00,12943.7471,1742.9625,5169.6362,1023.1504,12340.8105,7462.1128,3567.626,1329.0037,45579.0492,A3,N,N
12/06/2022,15:00,13159.3301,1760.7388,5143.7148,881.1945,12773.9492,7609.6606,3665.3215,1365.2323,46359.1418,A6,N,N
12/06/2022,15:00,13795.5996,1641.48,5030.7202,924.939,11659.5996,7523.5,3724.04,1226.39,45526.2684,E,N,N
12/06/2022,15:00,13519.5996,1647.03,5060.4902,915.69,11522.4004,7243.4302,3724.04,1224.01,44856.6904,E1,Y,N
12/06/2022,15:00,13461.7998,1633.98,4931.75,903.998,11674.2002,7183.6499,3690.1001,1239.88,44719.358,E2,N,N
12/06/2022,15:00,13795.5996,1641.48,4795.54,891.631,11530.4004,7523.5,3908.1799,1185.97,45272.3009,E3,N,N
12/06/2022,15:00,13643.1504,1640.9924,4931.1069,905.7336,11583.7305,7368.5195,3780.0039,1215.0205,45068.2577,M,N,N
12/06/2022,16:00,12880.1494,1765.2102,5156.2568,1055.0927,12336.6543,7577.9058,3589.8813,1315.5001,45676.6506,A3,N,N
12/06/2022,16:00,13228.9297,1776.2253,5149.6772,949.1218,12739.8379,7703.5952,3732.8938,1317.2023,46597.4832,A6,N,N
12/06/2022,16:00,13885.7998,1656.99,4887.1299,913.891,11702.2998,7676.1001,3780.4199,1249.1801,45751.8106,E,N,N
12/06/2022,16:00,13609.7002,1663.76,4961.54,906.842,11512.2002,7331.1802,3780.4199,1247.67,45013.3125,E1,Y,N
12/06/2022,16:00,13552.7998,1650.25,4935.29,895.2,11768.9004,7267.73,3748.23,1263.6,45082.0002,E2,N,N
12/06/2022,16:00,13885.7998,1656.99,4799.5,893.333,11549.2998,7676.1001,3964.1299,1213.9,45639.0526,E3,N,N
12/06/2022,16:00,13733.5254,1656.9976,4887.1021,900.2606,11617.875,7487.7773,3836.6709,1240.0596,45360.2685,M,N,N
12/06/2022,17:00,12841.8076,1824.1815,5114.3452,1080.4319,12469.4014,7750.0635,3628.2461,1374.8337,46083.3109,A3,N,N
12/06/2022,17:00,13147.7441,1834.9071,5109.4453,950.8601,12863.9443,7930.4253,3809.8362,1437.8678,47085.0302,A6,N,N
12/06/2022,17:00,13873.2002,1674.6899,4842.27,909.73,11846.2002,7860.3101,3811.5,1278.92,46096.8204,E,N,N
12/06/2022,17:00,13624.9004,1684.12,4917.3799,906.037,11751.5,7490.1299,3811.5,1275.95,45461.5172,E1,Y,N
12/06/2022,17:00,13568.5,1669.45,4984.52,894.424,12019.4004,7422.04,3780.54,1291.36,45630.2344,E2,N,N
12/06/2022,17:00,13873.2002,1674.6899,4845.9902,905.084,11798.5,7860.3101,3987.3101,1248.87,46193.9545,E3,N,N
12/06/2022,17:00,13734.9502,1675.7374,4897.9121,903.3541,11849.1309,7658.1973,3865.2935,1270.77,45855.3455,M,N,N
12/06/2022,18:00,12896.2627,1913.0972,4947.9424,1152.5317,12957.0313,8084.3911,3700.5818,1399.0134,47050.8516,A3,N,N
12/06/2022,18:00,13228.2598,1898.9727,4883.4556,1033.9669,13351.6816,8348.9639,3881.6497,1460.3737,48087.3239,A6,N,N
12/06/2022,18:00,14055,1721.62,4819.0498,949.252,12427.2002,8142.6001,3831.3201,1304.3101,47250.3523,E,N,N
12/06/2022,18:00,13829.5,1743.97,4864.0498,951.558,12371.7998,7760.1299,3831.3201,1293.38,46645.7076,E1,Y,N
12/06/2022,18:00,13775.2002,1727.37,5046.6001,939.049,12569.7998,7686.7402,3801.5701,1308.71,46855.0394,E2,N,N
12/06/2022,18:00,14055,1721.62,4892.5601,954.598,12479,8142.6001,3983.0601,1271.27,47499.7083,E3,N,N
12/06/2022,18:00,13928.6748,1728.645,4912.916,949.1489,12467.1309,7933.0176,3876.9917,1291.1135,47087.6384,M,N,N
12/06/2022,19:00,12954.3223,1963.9291,5049.019,1148.8994,13306.1104,8328.5361,3836.0505,1456.4336,48043.3004,A3,N,N
12/06/2022,19:00,13140.5039,1859.5056,5041.8145,997.6625,13636.8936,8488.9688,3997.9287,1529.4835,48692.7611,A6,N,N
12/06/2022,19:00,14029.7998,1745.5699,4796.8398,1022.09,12659.7998,8242.6299,3937.25,1305.98,47739.9592,E,N,N
12/06/2022,19:00,13788.7998,1761.5601,4855.98,1015.14,12626.7002,8003.1001,3937.25,1297.79,47286.3202,E1,Y,N
12/06/2022,19:00,13736.5,1743.84,5184.7998,1001.57,12751.0996,7925.1699,3906.76,1313.3101,47563.0494,E2,N,N
12/06/2022,19:00,14029.7998,1745.5699,5012.98,1010.92,12831.9004,8242.6299,4064.5,1275.75,48214.05,E3,N,N
12/06/2022,19:00,13896.2246,1749.135,4984.2637,1011.313,12734.585,8103.3823,3974.165,1295.1844,47748.253,M,N,N
12/06/2022,20:00,12648.2471,1928.2228,5114.481,1125.2913,13024.124,8169.1519,3829.6282,1452.0206,47291.1669,A3,N,N
12/06/2022,20:00,12840.001,1848.8488,5110.4414,945.773,13282.3604,8327.9131,4016.0957,1551.8365,47923.2699,A6,N,N
12/06/2022,20:00,13681.2002,1698.67,4727.5898,1045.7,12431.7998,8103.4199,3864.02,1269.6,46821.9997,E,N,N
12/06/2022,20:00,13454.5996,1724.12,4784.8398,1028.03,12409,7857.9702,3864.02,1259.11,46381.6896,E1,Y,N
12/06/2022,20:00,13403.4004,1706.88,5080.9399,1014.34,12468.5,7780.6001,3834.75,1273.35,46562.7604,E2,N,N
12/06/2022,20:00,13681.2002,1698.67,4933.5,1014.2,12637.9004,8103.4199,3985.27,1242.84,47297.0005,E3,N,N
12/06/2022,20:00,13555.0996,1707.085,4902.3086,1022.4175,12507.4102,7961.3525,3899.1399,1258.549,46813.3623,M,N,N
12/06/2022,21:00,12364.2344,1882.691,5203.417,1079.4681,12844.1045,7949.6738,3754.4978,1430.3541,46508.4407,A3,N,N
12/06/2022,21:00,12500.9268,1810.1262,5192.3916,910.331,13012.5273,8161.1396,3938.7864,1544.3168,47070.5457,A6,N,N
12/06/2022,21:00,13335.9004,1643.58,4848.7402,1036.38,12079.7998,7886.8599,3771.05,1249.35,45851.6603,E,N,N
12/06/2022,21:00,13125.9004,1670.3199,4901.4102,1014.58,12063.5,7659.6899,3771.05,1246.77,45453.2204,E1,Y,N
12/06/2022,21:00,13075.7002,1654.02,5035.96,1001.12,12110.5,7584.6802,3742.8,1260.17,45464.9504,E2,N,N
12/06/2022,21:00,13335.9004,1643.58,4875.4702,997.497,12312.4004,7886.8599,3878.55,1230.16,46160.4179,E3,N,N
12/06/2022,21:00,13218.3496,1652.875,4918.0684,1008.5059,12164.8105,7754.5225,3801.6128,1244.6935,45763.4382,M,N,N
12/06/2022,22:00,11920.9033,1792.8682,5279.3223,1084.6162,12230.3311,7527.3369,3644.2473,1372.1646,44851.7899,A3,N,N
12/06/2022,22:00,11961.9912,1736.0317,5231.314,898.5851,12500.6494,7823.0273,3817.7842,1491.1642,45460.5471,A6,N,N
12/06/2022,22:00,12876.9004,1569.67,4910.3799,996.665,11541,7564.3901,3657.3301,1179.46,44295.7955,E,N,N
12/06/2022,22:00,12683.0996,1595.96,4958.29,968.861,11530,7381.8101,3657.3301,1183.58,43958.9308,E1,Y,N
12/06/2022,22:00,12634.5,1580.62,5034.1299,956.21,11584.7998,7309.8999,3630.46,1196.03,43926.6496,E2,N,N
12/06/2022,22:00,12876.9004,1569.67,4854.9702,955.198,11756,7564.3901,3760.3799,1166.5,44504.0086,E3,N,N
12/06/2022,22:00,12767.8506,1578.98,4933.9014,965.0868,11624.4492,7455.1226,3686.6802,1180.0966,44192.1674,M,N,N
12/06/2022,23:00,11254.6689,1675.3208,5280.4487,1014.4587,11586.998,7030.1016,3447.3943,1297.5847,42586.9757,A3,N,N
12/06/2022,23:00,11205.0537,1624.3534,5255.3521,827.2221,11726.9912,7276.7632,3598.9707,1402.3303,42917.0367,A6,N,N
12/06/2022,23:00,12214,1448.09,4895.2402,936.663,10736.5,7083.3501,3439.79,1106.5,41860.1333,E,N,N
12/06/2022,23:00,12035.5996,1475.58,4948.5898,920.655,10766.2998,6932.75,3439.79,1119.63,41638.8942,E1,Y,N
12/06/2022,23:00,11987.2998,1461.48,4971.5601,908.529,10933.5,6864.5698,3415.75,1130.85,41673.5387,E2,N,N
12/06/2022,23:00,12214,1448.09,4799.73,899.25,10900.0996,7083.3501,3541.0601,1097.66,41983.2398,E3,N,N
12/06/2022,23:00,12112.7246,1458.3101,4894.2295,912.533,10850.46,6991.0049,3469.2246,1112.776,41801.2627,M,N,N
12/06/2022,24:00,10512.3301,1541.5835,5289.6353,948.8884,10835.9805,6534.9004,3229.0999,1231.4884,40123.9065,A3,N,N
12/06/2022,24:00,10427.1582,1477.197,5238.3799,770.184,10968.6963,6789.9097,3375.9678,1321.8179,40369.3108,A6,N,N
12/06/2022,24:00,11527.9004,1336.5699,4812.98,883.447,9899.7197,6574.2598,3213.8899,1053.74,39302.5067,E,N,N
12/06/2022,24:00,11369.7998,1365.65,4867.8901,877.442,9968.9902,6461.5801,3213.8899,1074.8199,39200.062,E1,Y,N
12/06/2022,24:00,11322.7002,1352.59,4879.0698,865.906,10240.4004,6397.48,3192.55,1084.6801,39335.3765,E2,N,N
12/06/2022,24:00,11527.9004,1336.5699,4715.1499,847.758,10004.7998,6574.2598,3312.8101,1048.39,39367.6379,E3,N,N
12/06/2022,24:00,11437.0762,1347.845,4808.9893,865.0693,10038.9854,6501.8945,3243.1768,1064.8726,39307.9091,M,N,N
12/07/2022,1:00,10114.8662,1465.813,5252.7847,842.3368,9969.8799,6090.333,3023.2727,1289.8726,38049.1589,A3,N,N
12/07/2022,1:00,9886.5498,1491.944,5303.3911,628.0864,9783.1133,6108.3862,3152.9993,1561.1384,37915.6085,A6,N,N
12/07/2022,1:00,10971.7998,1251.52,4835.3999,841.192,9221.9902,6172.5,3010.6001,1014.41,37319.412,E,N,N
12/07/2022,1:00,10826,1280.98,4901.7798,854.519,9339.1299,6072.0898,3010.6001,1041.36,37326.4586,E1,Y,N
12/07/2022,1:00,10776.9004,1268,4820.8198,843.111,9784.6201,6009.98,2991.4299,1050.13,37544.9912,E2,N,N
12/07/2022,1:00,10971.7998,1251.52,4663.79,806.92,9290.96,6172.5,3109.9299,1009,37276.4197,E3,N,N
12/07/2022,1:00,10886.625,1263.005,4788.2866,833.0083,9416.0723,6106.7676,3040.5728,1028.184,37362.5216,M,N,N
12/07/2022,2:00,9791.7578,1408.0055,5259.7075,808.1057,9591.6826,5833.5068,2899.2007,1274.1191,36866.0857,A3,N,N
12/07/2022,2:00,9526.3496,1449.3912,5296.522,555.9881,9359.9551,5851.0737,3016.0764,1567.5017,36622.8578,A6,N,N
12/07/2022,2:00,10562.5,1192.21,4640.8901,814.786,8738.96,5865.6899,2857.8401,993.39,35666.2661,E,N,N
12/07/2022,2:00,10430.2002,1221.37,4697.1899,836.516,8882.7803,5786.75,2857.8401,1017.28,35729.9265,E1,Y,N
12/07/2022,2:00,10381.4004,1208.36,4754.8701,825.226,9389.5596,5725.5298,2840.6799,1025.52,36151.1458,E2,N,N
12/07/2022,2:00,10562.5,1192.21,4598.7598,779.729,8810.3896,5865.6899,2957.3401,985.082,35751.7004,E3,N,N
12/07/2022,2:00,10484.1504,1203.5375,4668.7144,810.5585,8962.5645,5810.915,2888.375,1004.4872,35833.3025,M,N,N
12/07/2022,3:00,9534.1162,1394.5479,5280.7998,818.8157,9587.6533,5693.7402,2811.22,1264.01,36384.9031,A3,N,N
12/07/2022,3:00,9194.9492,1449.0814,5299.8125,566.3259,9417.5908,5735.7554,2927.2375,1544.8619,36135.6146,A6,N,N
12/07/2022,3:00,10300.5,1167.28,4512.2598,804.293,8482.1299,5689.3799,2750.4399,968.161,34674.4435,E,N,N
12/07/2022,3:00,10180.5,1194.24,4580.6802,835.341,8639.6797,5613.4502,2750.4399,999.211,34793.542,E1,Y,N
12/07/2022,3:00,10131.5,1180.83,4793.6499,823.925,9183.6396,5552.1001,2734.73,1006.83,35407.2046,E2,N,N
12/07/2022,3:00,10300.5,1167.28,4622.48,768.359,8531.21,5689.3799,2845.9099,964.44,34889.5588,E3,N,N
12/07/2022,3:00,10228.25,1177.4075,4638.2891,804.3861,8714.0723,5636.0771,2779.927,984.2885,34962.6976,M,N,N
12/07/2022,4:00,9515.4209,1361.7622,5268.6401,820.3579,9557.1836,5569.853,2724.2815,1242.6135,36060.1127,A3,N,N
12/07/2022,4:00,9088.2227,1467.6809,5318.5845,572.2013,9389.8682,5604.958,2801.9883,1514.5725,35758.0764,A6,N,N
12/07/2022,4:00,10232.5996,1157.85,4473.3599,805.963,8498.5,5625.73,2702.48,957.583,34454.0655,E,N,N
12/07/2022,4:00,10105.7998,1183.3101,4550.6401,836.116,8650.4902,5561.1401,2702.48,991.063,34581.0393,E1,Y,N
12/07/2022,4:00,10058.2998,1169.74,4820.0801,824.644,9106.0801,5499.25,2687.5901,998.415,35164.0991,E2,N,N
12/07/2022,4:00,10232.5996,1157.85,4631.4302,769.112,8514.5596,5625.73,2796.27,954.295,34681.8464,E3,N,N
12/07/2022,4:00,10157.3252,1167.1875,4634.6846,805.2737,8694.0137,5577.9624,2731.584,975.0102,34743.0413,M,N,N
12/07/2022,5:00,9659.9346,1380.502,5279.5352,816.81,9827.8623,5598.7134,2732.0247,1281.2532,36576.6354,A3,N,N
12/07/2022,5:00,9164.3574,1511.6312,5331.103,545.7762,9682.6543,5573.7661,2798.8203,1602.901,36211.0095,A6,N,N
12/07/2022,5:00,10348.5996,1173.4301,4456.3398,827.827,8812.2402,5696.8101,2710.6499,986.872,35012.7687,E,N,N
12/07/2022,5:00,10214.2002,1202.75,4529.4399,856.731,8925.3096,5646.3501,2710.6499,1013.86,35099.2907,E1,Y,N
12/07/2022,5:00,10167.5996,1188.88,4820.8301,844.922,9244.4902,5582.9102,2695.73,1021.15,35566.5121,E2,N,N
12/07/2022,5:00,10348.5996,1173.4301,4620.7002,783.647,8755.0996,5696.8101,2809.6101,980.076,35167.9727,E3,N,N
12/07/2022,5:00,10269.75,1184.6226,4623.2637,823.8637,8928.5713,5655.7202,2741.5562,999.8099,35227.1576,M,N,N
12/07/2022,6:00,10051.207,1415.772,5310.8062,843.1066,10397.4355,5846.1353,2820.4094,1348.9563,38033.8283,A3,N,N
12/07/2022,6:00,9531.1162,1597.4106,5346.0513,563.4909,10226.4619,5789.4253,2874.2822,1709.7592,37637.9976,A6,N,N
12/07/2022,6:00,10839.9004,1248.86,4515.23,892.305,9628.5703,5950.3999,2838.3401,1053.97,36967.5757,E,N,N
12/07/2022,6:00,10671.9004,1280.99,4569.5801,921.233,9666.79,5909.2202,2838.3401,1062.8101,36920.8639,E1,Y,N
12/07/2022,6:00,10624,1266.39,4798.0098,908.424,9752.3301,5842.4502,2821.4099,1070.12,37083.134,E2,N,N
12/07/2022,6:00,10839.9004,1248.86,4600,845.074,9435.9404,5950.3999,2934.3601,1032.25,36886.7848,E3,N,N
12/07/2022,6:00,10743.9248,1261.275,4629.1821,887.0359,9601.6445,5913.1172,2867.7144,1052.6155,36956.5094,M,N,N
12/07/2022,7:00,10649.332,1547.2646,5318.4829,895.8514,11376.8477,6355.6396,3053.0703,1423.0867,40619.5752,A3,N,N
12/07/2022,7:00,10107.0098,1757.9072,5251.5308,586.9073,11250.2227,6294.8252,3124.9619,1778.6296,40151.9945,A6,N,N
12/07/2022,7:00,11532.5,1392.6899,4547.25,993.623,10938.7002,6435.46,3116,1143.23,40099.4531,E,N,N
12/07/2022,7:00,11339.2998,1424.8,4616.5698,1022.75,10863.9004,6397.4302,3116,1123.64,39904.3902,E1,Y,N
12/07/2022,7:00,11289.5996,1408.79,4944.8301,1008.4,10620.9004,6324.6401,3094.48,1131.27,39822.9102,E2,N,N
12/07/2022,7:00,11532.5,1392.6899,4728.96,941.851,10566.2998,6435.46,3205.8301,1103.23,39906.8208,E3,N,N
12/07/2022,7:00,11423.4746,1404.7424,4727.5732,986.4788,10710.21,6398.2471,3142.0605,1121.3425,39914.1291,M,N,N
12/07/2022,8:00,10866.6191,1598.9353,5342.3032,1054.0778,11804.9238,6604.2783,3156.4231,1356.6771,41784.2377,A3,N,N
12/07/2022,8:00,10257.1973,1782.9431,5286.2559,938.4658,11678.7305,6530.1499,3231.5303,1464.4758,41169.7486,A6,N,N
12/07/2022,8:00,11812.2998,1438.6,4713.5601,1033.99,11688.5996,6713.54,3214.8601,1206.47,41821.9196,E,N,N
12/07/2022,8:00,11594.7998,1472.11,4787.29,1061.3101,11534.4004,6684.7598,3214.8601,1167.01,41516.5402,E1,Y,N
12/07/2022,8:00,11545.2998,1455.47,5019.5601,1046.34,11110.2002,6607.2202,3192.25,1174.6801,41151.0204,E2,N,N
12/07/2022,8:00,11812.2998,1438.6,4804.9102,979.729,11216.5996,6713.54,3311.8701,1143.63,41421.1787,E3,N,N
12/07/2022,8:00,11691.1748,1451.1949,4840.4648,1024.9161,11340.25,6679.7646,3243.1611,1166.6636,41437.5899,M,N,N
12/07/2022,9:00,11182.251,1561.7318,5342.4111,1152.9526,11602.4893,6670.7974,3149.5339,1277.813,41939.9801,A3,N,N
12/07/2022,9:00,10442.2148,1774.9321,5331.6416,1193.1038,11311.0146,6460.0688,3182.179,1220.7269,40915.8816,A6,N,N
12/07/2022,9:00,12074.5996,1451.45,4713.3398,1020.49,11764,6764.2798,3203.6299,1234.5601,42226.3492,E,N,N
12/07/2022,9:00,11778.2002,1475.0601,4791.1602,1049.1801,11633.7002,6735.6802,3203.6299,1189.29,41855.9009,E1,Y,N
12/07/2022,9:00,11728.4004,1458.34,4978.1099,1034.34,11291.2002,6656.4702,3182.22,1196.73,41525.8107,E2,N,N
12/07/2022,9:00,12074.5996,1451.45,4757.23,967.88,11335.5996,6764.2798,3309.5601,1165.85,41826.4491,E3,N,N
12/07/2022,9:00,11913.9502,1459.075,4814.3486,1012.7115,11463.2852,6730.1777,3235.3528,1189.7366,41818.6376,M,N,N
12/07/2022,10:00,11624.9463,1555.5243,5228.6035,1147.4628,11728.7432,6758.1533,3236.6526,1285.0985,42565.1845,A3,N,N
12/07/2022,10:00,10830.6621,1762.7729,5200.6216,1145.9614,11290.3799,6551.9829,3247.8586,1271.0597,41301.2991,A6,N,N
12/07/2022,10:00,12514.5996,1481.96,4744.9502,996.691,11863,6847.5898,3274.1799,1243.0699,42966.0404,E,N,N
12/07/2022,10:00,12092.7998,1497.51,4823.3701,1022.75,11740.2002,6797.5698,3274.1799,1197.74,42446.1198,E1,Y,N
12/07/2022,10:00,12042.0996,1480.48,4959.7598,1008.35,11555.5,6717.6499,3251.8799,1205.45,42221.1692,E2,N,N
12/07/2022,10:00,12514.5996,1481.96,4737.5698,943.784,11468.4004,6847.5898,3405.51,1176.23,42575.6436,E3,N,N
12/07/2022,10:00,12291.0254,1485.4775,4815.6743,987.6031,11617.3154,6802.5996,3314.5706,1198.9385,42513.2044,M,N,N
12/07/2022,11:00,12080.8643,1542.6125,5147.4497,1153.2782,11834.4805,6864.8218,3284.5107,1317.889,43225.9067,A3,N,N
12/07/2022,11:00,11277.2568,1726.6947,5131.0244,1142.6309,11407.8418,6609.4585,3281.2644,1319.324,41895.4955,A6,N,N
12/07/2022,11:00,12998.9004,1499.16,4825.4702,982.663,11876.2998,6918.8198,3338.1201,1238.6801,43678.1134,E,N,N
12/07/2022,11:00,12386.9004,1500.17,4927.1299,1014.74,11750,6828.5898,3338.1201,1202.9399,42948.5901,E1,Y,N
12/07/2022,11:00,12334.0996,1482.91,5016.73,1000.48,11761.7998,6748.6299,3314.8899,1210.51,42870.0492,E2,N,N
12/07/2022,11:00,12998.9004,1499.16,4796.5601,938.155,11529.5996,6918.8198,3515.48,1181.3,43377.9749,E3,N,N
12/07/2022,11:00,12679.7002,1495.3501,4888.5815,979.5587,11694.7559,6853.7148,3394.3884,1202.6195,43188.6691,M,N,N
12/07/2022,12:00,12440.4121,1580.1947,5102.2847,1157.0292,11945.1436,6942.7397,3357.1118,1318.1583,43843.0741,A3,N,N
12/07/2022,12:00,11676.9473,1749.1149,5075.5874,1152.9802,11660.5527,6711.8335,3383.729,1306.9147,42717.6597,A6,N,N
12/07/2022,12:00,13397.9004,1514.08,4831.48,980.825,11773.5,6996.0601,3387.6599,1245.38,44126.8854,E,N,N
12/07/2022,12:00,12582.9004,1491.12,4911.0098,1018.47,11667.4004,6849.6001,3387.6599,1218.52,43126.6806,E1,Y,N
12/07/2022,12:00,12529.4004,1474.12,4972.73,1004.14,11902.4004,6769.9399,3363.8601,1226.03,43242.6208,E2,N,N
12/07/2022,12:00,13397.9004,1514.08,4788.5,947.787,11498.7998,6996.0601,3618.5901,1197.1,43958.8174,E3,N,N
12/07/2022,12:00,12977.0254,1498.35,4871.6318,984.5017,11683.0547,6902.915,3462.5356,1216.9294,43596.9436,M,N,N
12/07/2022,13:00,12511.4414,1591.522,5063.479,1114.9568,11994.2354,7078.1636,3414.5054,1305.6714,44073.975,A3,N,N
12/07/2022,13:00,12002.876,1713.4351,4994.5093,1049.1246,12074.5293,6965.2246,3469.1274,1322.3746,43591.2009,A6,N,N
12/07/2022,13:00,13707.9004,1543.7,4815.02,962.272,11672.5996,7071.73,3453.1201,1250.03,44476.3721,E,N,N
12/07/2022,13:00,12641.7002,1490.38,4870.8301,1001.52,11574.9004,6873.46,3453.1201,1231.96,43137.8708,E1,Y,N
12/07/2022,13:00,12588,1473.5601,4879.7002,987.456,12025,6794.2402,3428.8101,1239.4301,43416.1967,E2,N,N
12/07/2022,13:00,13707.9004,1543.7,4712.02,933.781,11437.9004,7071.73,3737.0601,1211.4301,44355.522,E3,N,N
12/07/2022,13:00,13161.375,1512.835,4809.0928,968.4082,11654.1309,6952.79,3546.4216,1229.3525,43834.406,M,N,N
12/07/2022,14:00,12675.8408,1642.4517,5060.3232,1048.7401,12095.1953,7191.9155,3445.4509,1301.538,44461.4555,A3,N,N
12/07/2022,14:00,12331.2959,1725.2062,4931.5972,906.7519,12499.8408,7121.8135,3548.7639,1341.3693,44406.6387,A6,N,N
12/07/2022,14:00,14004.7002,1581.3199,5017.8701,960.967,11607,7163.7002,3516.3,1241,45092.8574,E,N,N
12/07/2022,14:00,12730.2998,1501.97,5087.1299,1002.99,11545.4004,6911.6802,3516.3,1238.0601,43533.8304,E1,Y,N
12/07/2022,14:00,12676,1485.1,4914.1001,988.926,12157.5996,6832.54,3491.3201,1245.49,43791.0758,E2,N,N
12/07/2022,14:00,14004.7002,1581.3199,4745.48,940.16,11423.5996,7163.7002,3870.1201,1213.5601,44942.6401,E3,N,N
12/07/2022,14:00,13353.9258,1537.4275,4913.9063,971.1801,11665.0605,7017.9053,3633.8921,1231.7836,44325.0812,M,N,N
12/07/2022,15:00,12641.0029,1662.0769,5162.4302,1019.6333,12189.0527,7290.0864,3479.2783,1296.9996,44740.5603,A3,N,N
12/07/2022,15:00,12402.7227,1727.8949,5136.8457,874.7695,12602.3584,7327.8721,3578.5139,1337.2316,44988.2088,A6,N,N
12/07/2022,15:00,14159.5996,1597.28,4966.4702,952.339,11532.2998,7318.48,3570.3799,1239.64,45336.4885,E,N,N
12/07/2022,15:00,12732.4004,1497.4301,5057.7002,993.712,11542.5996,6996.6001,3570.3799,1251.8199,43642.6422,E1,Y,N
12/07/2022,15:00,12678.5996,1480.6,4925.3799,979.815,12269.5,6916.3198,3545.46,1259.37,44055.0443,E2,N,N
12/07/2022,15:00,14159.5996,1597.28,4755.0698,936.019,11422.7002,7318.48,3977.1599,1224.14,45390.4485,E3,N,N
12/07/2022,15:00,13432.5488,1543.1475,4905.0151,963.8392,11680.8154,7137.4697,3706.5229,1242.1925,44611.5511,M,N,N
12/07/2022,16:00,12496.8652,1676.7711,5149.02,1050.8955,12225.6904,7408.6685,3478.0984,1291.807,44777.8161,A3,N,N
12/07/2022,16:00,12303.1211,1737.2019,5141.1211,942.8937,12628.1074,7502.8013,3614.1011,1290.0048,45159.3524,A6,N,N
12/07/2022,16:00,14215.5,1616.27,4875.6699,951.165,11544.0996,7424.54,3592.6599,1262.73,45482.6344,E,N,N
12/07/2022,16:00,12698,1498.34,4994.8301,994.019,11652.9004,7078.7798,3592.6599,1290.63,43800.1592,E1,Y,N
12/07/2022,16:00,12645.5,1481.4301,4965.0601,980.113,12383.7002,6996.7202,3568.99,1298.4301,44319.9437,E2,N,N
12/07/2022,16:00,14215.5,1616.27,4764.2998,944.912,11497,7424.54,4030.1799,1254.24,45746.9417,E3,N,N
12/07/2022,16:00,13443.625,1553.0776,4888.8281,966.9269,11764.7148,7231.145,3739.8745,1275.6586,44863.8505,M,N,N
12/07/2022,17:00,12436.2061,1722.174,5107.5811,1075.8228,12379.1387,7611.7231,3509.311,1361.5035,45203.4603,A3,N,N
12/07/2022,17:00,12191.5732,1784.4032,5100.1128,944.9811,12791.8174,7784.7866,3673.1826,1415.4169,45686.2738,A6,N,N
12/07/2022,17:00,14159.2998,1647.22,4847.2002,964.625,11806.9004,7594.5498,3617.4199,1285.61,45922.8251,E,N,N
12/07/2022,17:00,12599.5,1516.79,4967.4702,1006.23,11975,7231.3198,3617.4199,1324.87,44238.5999,E1,Y,N
12/07/2022,17:00,12547.7002,1499.42,5032.1401,992.147,12589.2002,7146.21,3594.54,1332.59,44733.9475,E2,N,N
12/07/2022,17:00,14159.2998,1647.22,4820.6001,961.303,11798.9004,7594.5498,4057.73,1289.4,46329.0031,E3,N,N
12/07/2022,17:00,13366.4502,1577.6625,4914.1924,980.744,12041.7002,7391.6572,3765.8086,1308.4966,45346.7117,M,N,N
12/07/2022,18:00,12557.9824,1804.5942,4942.5313,1149.3737,12885.5889,7920.2656,3585.1631,1398.8431,46244.3423,A3,N,N
12/07/2022,18:00,12301.0469,1839.3494,4874.8027,1030.1156,13321.251,8140.1309,3746.1792,1445.6157,46698.4914,A6,N,N
12/07/2022,18:00,14305.7998,1709.5,4803.8999,1003.3,12497.4004,7866.1802,3646.49,1301.6899,47134.2602,E,N,N
12/07/2022,18:00,12758.7002,1577.46,4902.29,1044.74,12692.2002,7495.3599,3646.49,1340.22,45457.4603,E1,Y,N
12/07/2022,18:00,12708.7002,1559.1801,5082.8901,1030.0601,13042.2002,7405.9399,3624.3301,1347.87,45801.1707,E2,N,N
12/07/2022,18:00,14305.7998,1709.5,4885.6699,1007.68,12479.5,7866.1802,4057.71,1299.3199,47611.3598,E3,N,N
12/07/2022,18:00,13519.75,1638.9102,4926.8643,1021.883,12676.0352,7658.415,3784.877,1322.038,46548.7727,M,N,N
12/07/2022,19:00,12460.2822,1853.0304,5045.2861,1147.4106,13301.9717,8160.0234,3720.1069,1463.5865,47151.6978,A3,N,N
12/07/2022,19:00,12178.707,1799.2626,5034.7656,996.243,13681.6094,8296.3604,3851.1099,1519.6252,47357.6831,A6,N,N
12/07/2022,19:00,14207.5996,1725.36,4795.0601,1057.53,12845.9004,8082.0801,3766.21,1319.8,47799.5402,E,N,N
12/07/2022,19:00,12854.7002,1605.26,4871.8999,1092.86,12990,7756.4199,3766.21,1344.08,46281.43,E1,Y,N
12/07/2022,19:00,12806.0996,1586.3101,5197.75,1077.45,13127.9004,7663.4102,3743.0601,1351.8,46553.7804,E2,N,N
12/07/2022,19:00,14207.5996,1725.36,5007.9199,1055.1899,12742.2002,8082.0801,4140.73,1297.33,48258.4097,E3,N,N
12/07/2022,19:00,13519,1660.5725,4989.4434,1070.5234,12916.1309,7895.9976,3891.5044,1326.0055,47269.1777,M,N,N
12/07/2022,20:00,12095.624,1819.2139,5111.5791,1124.9926,13038.5264,8009.6675,3705.7686,1464.6376,46370.0097,A3,N,N
12/07/2022,20:00,11904.9004,1789.1943,5104.7168,945.9572,13359.1924,8174.499,3845.1772,1546.8921,46670.5294,A6,N,N
12/07/2022,20:00,13850.7998,1679.3,4778.6499,1068.59,12690.4004,7908.8799,3723.3799,1288.39,46988.3899,E,N,N
12/07/2022,20:00,12627.5996,1584.05,4797.9702,1100.34,12783.2002,7627.3799,3723.3799,1305.5601,45549.4799,E1,Y,N
12/07/2022,20:00,12580,1565.09,5091.2998,1084.8199,12770.5996,7534.8799,3701.0601,1312.5,45640.2493,E2,N,N
12/07/2022,20:00,13850.7998,1679.3,4922.3701,1046.35,12509.7002,7908.8799,4054.8701,1255.4301,47227.7002,E3,N,N
12/07/2022,20:00,13227.2988,1626.9351,4911.9443,1072.801,12670.4043,7745.0049,3833.8218,1287.1741,46375.3843,M,N,N
12/07/2022,21:00,11796.5566,1775.6034,5201.8389,1079.4604,12878.9463,7770.5908,3649.1042,1445.5574,45597.658,A3,N,N
12/07/2022,21:00,11609.5752,1750.4023,5188.4858,911.3073,13110.793,7948.1318,3780.3354,1543.7457,45842.7765,A6,N,N
12/07/2022,21:00,13479.7998,1630.48,4928.98,1060.33,12413,7691.8999,3642.3701,1275.5601,46122.4199,E,N,N
12/07/2022,21:00,12331.4004,1554.45,4932.75,1085.4301,12494,7460.4702,3642.3701,1293.15,44794.0208,E1,Y,N
12/07/2022,21:00,12285.2998,1535.6801,5064.6802,1070.1,12384.7998,7369.6602,3620.99,1299.64,44630.8501,E2,N,N
12/07/2022,21:00,13479.7998,1630.48,4890.8101,1025.83,12175,7691.8999,3938.21,1238.2,46070.2298,E3,N,N
12/07/2022,21:00,12894.0752,1587.7725,4950.4883,1056.9724,12342.9004,7553.4824,3740.5688,1272.9015,45399.1615,M,N,N
12/07/2022,22:00,11379.3965,1678.8344,5278.8931,1084.4658,12262.2813,7333.2363,3534.8293,1387.6768,43939.6135,A3,N,N
12/07/2022,22:00,11139.3301,1672.0686,5229.0908,900.304,12587.9258,7629.3418,3652.1509,1491.4681,44301.6801,A6,N,N
12/07/2022,22:00,13005.2998,1556.71,4970.21,1022.85,11855,7380.6401,3542.53,1197.74,44530.9799,E,N,N
12/07/2022,22:00,11935,1499.08,4983.6699,1043.47,11960.0996,7197.3799,3542.53,1235.5601,43396.7895,E1,Y,N
12/07/2022,22:00,11890.7998,1480.71,5055.8901,1028.75,11869.2998,7109.1899,3522.45,1241.5601,43198.6497,E2,N,N
12/07/2022,22:00,13005.2998,1556.71,4865.7998,980.784,11654.2998,7380.6401,3813.02,1176.04,44432.5935,E3,N,N
12/07/2022,22:00,12459.0996,1523.3025,4958.4512,1014.7568,11814.6045,7266.9624,3632.1816,1210.5551,43879.9137,M,N,N
12/07/2022,23:00,10727.752,1563.1449,5281.6704,1013.5109,11615.5908,6844.9624,3345.2043,1313.2229,41705.0586,A3,N,N
12/07/2022,23:00,10473.3506,1563.3075,5255.4458,829.2144,11795.1504,7088.7769,3439.3953,1404.2053,41848.8462,A6,N,N
12/07/2022,23:00,12317.5996,1432.41,4958.4502,964.48,11029.2002,6922.4502,3343.1001,1119.1801,42086.8704,E,N,N
12/07/2022,23:00,11382.7998,1394.9301,4977.8901,982.343,11167.5996,6760.2598,3343.1001,1164.58,41173.5025,E1,Y,N
12/07/2022,23:00,11339.5,1377.53,4997.02,968.486,11127.4004,6676.8701,3325.5,1170.02,40982.3265,E2,N,N
12/07/2022,23:00,12317.5996,1432.41,4819.8599,924.096,10868.5,6922.4502,3596.8799,1113.46,41995.2556,E3,N,N
12/07/2022,23:00,11839.375,1409.3201,4924.4463,955.8129,11032.1055,6820.5078,3427.5229,1141.2379,41550.3284,M,N,N
12/07/2022,24:00,10110.5439,1426.2191,5292.5874,947.438,10853.3867,6328.8628,3134.2935,1245.0302,39338.3616,A3,N,N
12/07/2022,24:00,9840.0684,1416.6514,5240.8589,771.6879,11013.7412,6575.7773,3225.1462,1323.87,39407.8013,A6,N,N
12/07/2022,24:00,11562.5996,1315.33,4870.2598,910.408,10092.7998,6416.46,3109.71,1062.76,39340.3272,E,N,N
12/07/2022,24:00,10779.2002,1297.4301,4881.6299,925.245,10263.2998,6262.73,3109.71,1109.66,38628.905,E1,Y,N
12/07/2022,24:00,10737.7998,1280.83,4889.1099,912.208,10291.7002,6184.6899,3094.9199,1114.47,38505.7277,E2,N,N
12/07/2022,24:00,11562.5996,1315.33,4740.5698,868.414,9984.1396,6416.46,3347.72,1068.6,39303.833,E3,N,N
12/07/2022,24:00,11160.5498,1302.23,4832.4238,899.8693,10147.1191,6320.085,3189.3159,1089.4565,38941.0494,M,N,N
12/08/2022,1:00,9597.835,1356.5599,5257.1738,835.9814,9979.1172,5891.4648,2943.4739,1299.9784,37161.5844,A3,N,N
12/08/2022,1:00,9236.207,1449.548,5308.1943,629.111,9813.0264,5894.6182,3019.1458,1561.7961,36911.6468,A6,N,N
12/08/2022,1:00,10968.9004,1224.24,4880.1201,866.441,9356.9902,6022.1699,2911.99,1026.51,37257.3616,E,N,N
12/08/2022,1:00,10362.5,1225.8101,4907.8398,880.705,9499.5498,5847.0601,2911.99,1068.15,36703.6048,E1,Y,N
12/08/2022,1:00,10320.2998,1209.9301,4822.9199,868.296,9574.6904,5774.0498,2899.03,1072.63,36541.846,E2,N,N
12/08/2022,1:00,10968.9004,1224.24,4688.8101,829.206,9257.9199,6022.1699,3142.1699,1046.4399,37179.8561,E3,N,N
12/08/2022,1:00,10655.1504,1221.0551,4805.7915,857.4385,9412.3809,5916.3623,2989.313,1055.4255,36912.9172,M,N,N
12/08/2022,2:00,9312.1074,1307.7295,5265.8325,797.1419,9601.4834,5662.5996,2817.9312,1284.4365,36049.262,A3,N,N
12/08/2022,2:00,8960.2432,1406.9417,5304.0815,556.293,9384.4258,5651.9644,2885.5083,1569.3402,35718.7981,A6,N,N
12/08/2022,2:00,10567.2998,1170.1801,4686.1899,838.347,8816.1797,5739.6299,2773.6799,1010.78,35602.2863,E,N,N
12/08/2022,2:00,10065.5996,1172.8199,4717.1899,852.277,8934.75,5559.3398,2773.6799,1044.14,35119.7961,E1,Y,N
12/08/2022,2:00,10023.9004,1157.53,4771.5898,840.253,9001.4805,5489.46,2761.99,1048.4399,35094.6436,E2,N,N
12/08/2022,2:00,10567.2998,1170.1801,4633.75,802.613,8740.3799,5739.6299,2992.1599,1032.23,35678.2426,E3,N,N
12/08/2022,2:00,10306.0254,1167.6775,4696.936,829.7991,8865.6172,5632.0151,2847.2256,1036.0425,35381.3384,M,N,N
12/08/2022,3:00,9090.5693,1306.9108,5288.4766,801.3934,9595.1611,5544.9121,2736.0701,1273.4506,35636.944,A3,N,N
12/08/2022,3:00,8687.0439,1407.531,5310.229,565.5903,9438.4932,5558.2031,2806.7378,1547.4904,35321.3187,A6,N,N
12/08/2022,3:00,10300.0996,1140.21,4552.0601,824.309,8535,5566.1401,2680.2,982.838,34580.8568,E,N,N
12/08/2022,3:00,9888.2305,1149.54,4600.2798,838.173,8588.4297,5378.7598,2680.2,1013.33,34136.9428,E1,Y,N
12/08/2022,3:00,9846.7803,1134.42,4809.6201,826.329,8638.6797,5310.7598,2669.3899,1017.26,34253.2388,E2,N,N
12/08/2022,3:00,10300.0996,1140.21,4655.4199,792.765,8434.9199,5566.1401,2884.3899,1007.91,34781.8544,E3,N,N
12/08/2022,3:00,10083.8027,1141.095,4664.6807,817.2396,8539.249,5455.4502,2748.9639,1007.8417,34458.3228,M,N,N
12/08/2022,4:00,9077.8096,1282.8243,5278.3228,801.384,9558.6563,5459.9224,2648.5134,1250.6798,35358.1126,A3,N,N
12/08/2022,4:00,8603.6387,1429.3195,5332.2173,571.2269,9404.9824,5451.0396,2682.3516,1518.0817,34992.8577,A6,N,N
12/08/2022,4:00,10230.2002,1131.9399,4525.8301,824.987,8517.3896,5504.8301,2637.79,974.096,34347.0629,E,N,N
12/08/2022,4:00,9843.4502,1143.38,4567.1802,837.945,8539.75,5336.1401,2637.79,996.7,33902.3355,E1,Y,N
12/08/2022,4:00,9803.1104,1128.2,4832.7798,826.079,8553.1602,5268.0698,2627.49,1000.35,34039.2392,E2,N,N
12/08/2022,4:00,10230.2002,1131.9399,4668.9302,794.086,8403.8301,5504.8301,2829.4199,992.501,34555.7374,E3,N,N
12/08/2022,4:00,10026.7402,1133.865,4662.9902,817.6841,8492.1768,5403.4673,2702.2854,992.7523,34231.9613,M,N,N
12/08/2022,5:00,9259.5635,1308.0857,5291.8242,796.698,9814.8193,5515.3462,2660.3662,1288.453,35935.1561,A3,N,N
12/08/2022,5:00,8750.8438,1472.4672,5348.6948,543.9542,9681.2012,5447.272,2684.439,1606.3555,35535.2277,A6,N,N
12/08/2022,5:00,10348.2998,1152.5601,4504.5698,845.393,8816.9805,5576.5698,2649.99,1005.31,34899.673,E,N,N
12/08/2022,5:00,9975.2598,1180.35,4547.8501,855.507,8811.2197,5438.4702,2649.99,1026.97,34485.6168,E1,Y,N
12/08/2022,5:00,9935.7002,1164.65,4835.75,843.367,8797.04,5368.75,2639.6201,1030.6801,34615.5574,E2,N,N
12/08/2022,5:00,10348.2998,1152.5601,4663.4199,812.059,8647.8604,5576.5698,2837.45,1027.3101,35065.5291,E3,N,N
12/08/2022,5:00,10151.8906,1162.53,4653.7822,835.7481,8751.3633,5490.0898,2713.0085,1024.7675,34783.18,M,N,N
12/08/2022,6:00,9666.0068,1351.6271,5325.5898,823.8839,10377.3623,5796.6118,2748.1125,1354.0671,37443.2613,A3,N,N
12/08/2022,6:00,9128.7021,1556.1434,5367.8872,561.5454,10215.9736,5729.5776,2759.1245,1713.1196,37032.0734,A6,N,N
12/08/2022,6:00,10851.0996,1226.28,4567.23,910.001,9673.1201,5842.7998,2773.25,1072.95,36916.7305,E,N,N
12/08/2022,6:00,10456.5,1282.29,4607.73,919.225,9616.7803,5744.52,2773.25,1090.53,36490.8253,E1,Y,N
12/08/2022,6:00,10416,1265.3199,4834.21,906.131,9550.7402,5670.6899,2761.53,1094.46,36499.081,E2,N,N
12/08/2022,6:00,10851.0996,1226.28,4655.8398,882.197,9369.29,5842.7998,2957.0801,1105.51,36890.0963,E3,N,N
12/08/2022,6:00,10643.6748,1250.0425,4675.1133,901.608,9522.0996,5775.2026,2834.6606,1094.1185,36696.5199,M,N,N
12/08/2022,7:00,10277.3984,1484.9916,5335.9531,877.3038,11349.9121,6297.3491,2983.271,1427.7267,40033.9058,A3,N,N
12/08/2022,7:00,9702.2207,1716.7583,5277.8491,585.475,11228.7676,6210.29,3014.8848,1781.8267,39518.0722,A6,N,N
12/08/2022,7:00,11561.5,1363.59,4592.3901,1010.48,11124,6349.9199,3038.8201,1162.53,40203.2301,E,N,N
12/08/2022,7:00,11139.5996,1475.29,4649.9399,1019.37,10961.7998,6309.1099,3038.8201,1174.33,39768.2593,E1,Y,N
12/08/2022,7:00,11097.7998,1455.9,4975.73,1004.79,10824.0996,6227.75,3024.04,1178.8,39788.9094,E2,N,N
12/08/2022,7:00,11561.5,1363.59,4794.9102,993.817,10587.7002,6349.9199,3220.6599,1221.26,40093.3572,E3,N,N
12/08/2022,7:00,11340.0996,1414.5925,4773.4941,1005.4479,10820.7695,6309.1748,3098.769,1190.103,39952.4504,M,N,N
12/08/2022,8:00,10509.0762,1546.7115,5361.5356,1036.9092,11771.9199,6551.1113,3085.5771,1362.5779,41225.4187,A3,N,N
12/08/2022,8:00,9892.9238,1743.709,5316.2456,937.0625,11651.7148,6476.291,3118.0562,1467.5492,40603.5521,A6,N,N
12/08/2022,8:00,11837.7998,1414.73,4755.6699,1050.96,11941.2998,6639.9102,3137.0601,1226.26,42003.6898,E,N,N
12/08/2022,8:00,11395.7998,1542.3,4828.6499,1059.88,11732.5996,6645.7798,3137.0601,1232.67,41574.7392,E1,Y,N
12/08/2022,8:00,11354.4004,1521.98,5057.9399,1044.7,11570.7002,6559.27,3121.53,1237.39,41467.9105,E2,N,N
12/08/2022,8:00,11837.7998,1414.73,4879.3799,1040.58,11295.7998,6639.9102,3318.6599,1286.6899,41713.5495,E3,N,N
12/08/2022,8:00,11606.4502,1473.4351,4892.7813,1047.9919,11570.5488,6621.2178,3196.7375,1251.7954,41660.958,M,N,N
12/08/2022,9:00,10760.835,1511.9625,5361.166,1138.8782,11587.5098,6609.1196,3077.033,1283.3254,41329.8295,A3,N,N
12/08/2022,9:00,10065.4141,1733.631,5362.792,1192.3306,11305.9551,6406.9658,3068.3538,1223.577,40359.0194,A6,N,N
12/08/2022,9:00,12071,1418.6,4750.4399,1040.62,12018.9004,6705.7002,3126.23,1261.04,42392.5305,E,N,N
12/08/2022,9:00,11554.7002,1543.95,4811,1053.04,11887,6717.54,3126.23,1267.01,41960.4702,E1,Y,N
12/08/2022,9:00,11513.2002,1523.59,4993.8301,1037.95,11767.0996,6629.5098,3111.51,1271.72,41848.4097,E2,N,N
12/08/2022,9:00,12071,1418.6,4803.9102,1034.3,11432.7998,6705.7002,3313.8701,1327.1801,42107.3604,E3,N,N
12/08/2022,9:00,11802.4746,1476.1849,4845.1421,1040.8455,11717.8398,6689.6123,3188.2239,1288.3516,42048.6747,M,N,N
12/08/2022,10:00,11133.9541,1498.2725,5243.7388,1137.8275,11740.1348,6671.5688,3155.541,1291.8844,41872.9219,A3,N,N
12/08/2022,10:00,10399.5215,1718.3872,5229.5273,1146.2739,11319.1084,6489.3247,3128.0688,1274.0547,40704.2665,A6,N,N
12/08/2022,10:00,12455.5996,1440.01,4783.4399,1016.9,12127,6777.6602,3188.54,1266.01,43055.1597,E,N,N
12/08/2022,10:00,11797.9004,1552.28,4825.8599,1035.12,12090.2002,6775.3501,3188.54,1277.6899,42542.9405,E1,Y,N
12/08/2022,10:00,11756,1531.76,4957.3599,1020.33,12020.4004,6686.5601,3173.3201,1282.63,42428.3605,E2,N,N
12/08/2022,10:00,12455.5996,1440.01,4758.02,1014.25,11601.5,6777.6602,3408.0901,1339.12,42794.2499,E3,N,N
12/08/2022,10:00,12116.2754,1491.015,4828.6279,1021.385,11907.2246,6754.3076,3261.5776,1298.6735,42679.0866,M,N,N
12/08/2022,11:00,11629.5166,1473.51,5157.626,1148.469,11865.3682,6759.7061,3199.7244,1324.5768,42558.4971,A3,N,N
12/08/2022,11:00,10849.5039,1682.9663,5154.5962,1144.0935,11461.4668,6562.8203,3155.7417,1321.803,41332.9917,A6,N,N
12/08/2022,11:00,12862.7002,1452.45,4846.27,1007.07,12141.2002,6809.9702,3244.9399,1258.5601,43623.1606,E,N,N
12/08/2022,11:00,12018.4004,1545.59,4890.71,1026.91,12182.7998,6790.9399,3244.9399,1267.1,42967.39,E1,Y,N
12/08/2022,11:00,11975.2002,1525.05,4973.96,1012.26,12174.0996,6702.1201,3229.1599,1271.8101,42863.6599,E2,N,N
12/08/2022,11:00,12862.7002,1452.45,4776.8901,1009.9,11682.7998,6809.9702,3514.9199,1332.77,43442.4002,E3,N,N
12/08/2022,11:00,12429.75,1493.885,4865.0195,1014.318,11999.3848,6778.25,3335.4878,1289.9811,43206.0762,M,N,N
12/08/2022,12:00,12000.2119,1495.5072,5109.1167,1155.0796,11975.0518,6787.979,3285.8171,1324.4988,43133.2621,A3,N,N
12/08/2022,12:00,11216.6895,1700.4895,5094.2598,1154.901,11709.8418,6611.8789,3263.8647,1308.5544,42060.4796,A6,N,N
12/08/2022,12:00,13202.2998,1445.3101,4868.7202,1008.79,12061.9004,6848.6899,3288.1001,1245.8199,43969.6304,E,N,N
12/08/2022,12:00,12159.9004,1512.36,4901.1499,1028.79,12127.4004,6795.8901,3288.1001,1250.9399,43064.5308,E1,Y,N
12/08/2022,12:00,12116.5,1492.3199,4957.6499,1014.12,12194,6707.29,3271.99,1255.35,43009.2198,E2,N,N
12/08/2022,12:00,13202.2998,1445.3101,4776.3398,1022.02,11654,6848.6899,3608.53,1319.5699,43876.7595,E3,N,N
12/08/2022,12:00,12670.25,1473.8251,4866.7266,1019.7531,11968.5352,6800.1401,3396.2231,1275.2949,43470.7481,M,N,N
12/08/2022,13:00,12078.6992,1498.7036,5066.2979,1114.5906,12002.1143,6885.3989,3348.4868,1307.3586,43301.6499,A3,N,N
12/08/2022,13:00,11523.9307,1661.0901,5007.0151,1050.6243,12083.2158,6834.376,3349.2373,1321.162,42830.6513,A6,N,N
12/08/2022,13:00,13434,1450.5,4869.75,988.308,11955,6874.0801,3339.3301,1241.12,44152.0882,E,N,N
12/08/2022,13:00,12194.0996,1495.4399,4899.0898,1009.6,12003.0996,6783.52,3339.3301,1242.1899,42966.3689,E1,Y,N
12/08/2022,13:00,12150.5996,1475.7,4903.7598,995.25,12128.0996,6695.46,3322.95,1246.4,42918.219,E2,N,N
12/08/2022,13:00,13434,1450.5,4720.8999,1007.47,11571.7998,6874.0801,3711.99,1318.2,44088.9398,E3,N,N
12/08/2022,13:00,12803.1748,1468.0349,4833.4897,1002.0731,11876.1797,6806.7852,3465.666,1269.6854,43525.0888,M,N,N
12/08/2022,14:00,12215.5576,1556.8815,5060.0933,1048.8198,12081.6455,6948.2017,3388.6675,1297.6625,43597.5294,A3,N,N
12/08/2022,14:00,11831.3066,1675.8097,4938.6206,907.669,12465.3125,6944.1484,3426.938,1337.0669,43526.8717,A6,N,N
12/08/2022,14:00,13694.7002,1467.48,5070.2002,986.714,11830,6927.0601,3395.98,1210.29,44582.4245,E,N,N
12/08/2022,14:00,12272.2998,1494.3,5074.6802,1006.59,11895.7998,6796.6201,3395.98,1219.95,43156.2199,E1,Y,N
12/08/2022,14:00,12228.2998,1474.62,4897.4199,992.304,12034,6708.6699,3379.1499,1223.89,42938.3535,E2,N,N
12/08/2022,14:00,13694.7002,1467.48,4718.5898,1007.63,11521.5,6927.0601,3830.2,1296.66,44463.8201,E3,N,N
12/08/2022,14:00,12972.5,1475.97,4905.0615,1000.4011,11789.4746,6839.8525,3543.7495,1246.3345,43773.3437,M,N,N
12/08/2022,15:00,12203.4697,1578.4604,5159.7974,1019.5046,12132.7295,6993.1689,3429.9844,1283.6747,43800.7896,A3,N,N
12/08/2022,15:00,11899.3213,1677.246,5139.2593,874.4421,12500.8105,7116.7886,3464.2739,1327.4136,43999.5553,A6,N,N
12/08/2022,15:00,13826.9004,1477.63,5007.8701,974.687,11676.2998,7053.8999,3440.6899,1199.29,44657.2671,E,N,N
12/08/2022,15:00,12288.5996,1483.75,4988.5698,991.981,11761,6850.0098,3440.6899,1202.9399,43007.54,E1,Y,N
12/08/2022,15:00,12245.0996,1464.2,4853.1699,977.937,11868.2998,6761.25,3423.8899,1206.7,42800.5462,E2,N,N
12/08/2022,15:00,13826.9004,1477.63,4661.0898,989.762,11452.5996,7053.8999,3921.3601,1288.64,44671.8818,E3,N,N
12/08/2022,15:00,13046.875,1475.8025,4842.9971,985.0992,11667.1807,6929.7646,3604.7246,1233.3274,43785.7711,M,N,N
12/08/2022,16:00,12124.3613,1586.4153,5144.2095,1050.433,12142.0156,7060.9663,3442.0352,1269.5007,43819.9369,A3,N,N
12/08/2022,16:00,11929.2686,1681.166,5139.6143,941.3969,12473.6309,7230.0898,3514.885,1274.8975,44184.949,A6,N,N
12/08/2022,16:00,13862.5,1482.83,4870.7002,970.831,11606.7998,7140.3501,3466.0601,1208.6801,44608.7513,E,N,N
12/08/2022,16:00,12308.4004,1488.47,4873.2002,984.473,11701.2002,6888.21,3466.0601,1221.49,42931.5039,E1,Y,N
12/08/2022,16:00,12265.7002,1468.83,4838.5498,970.548,11706.2998,6798.4502,3449.95,1225.3101,42723.6381,E2,N,N
12/08/2022,16:00,13862.5,1482.83,4618.48,979.671,11446.7002,7140.3501,3965.9399,1310.22,44806.6912,E3,N,N
12/08/2022,16:00,13074.7754,1480.74,4775.0107,977.2648,11599.2402,6991.8403,3636.9907,1251.579,43787.4411,M,N,N
12/08/2022,17:00,11946.1465,1636.167,5102.0776,1075.157,12264.5635,7182.3779,3465.1626,1327.9855,43999.6376,A3,N,N
12/08/2022,17:00,11759.9189,1735.2595,5095.9995,942.1801,12590.3096,7411.564,3571.1226,1393.4998,44499.854,A6,N,N
12/08/2022,17:00,13825.7998,1508.96,4817.8301,977.217,11762.5,7273.3799,3487.52,1245.25,44898.4568,E,N,N
12/08/2022,17:00,12284.0996,1527.22,4812.6699,991.232,11897.2002,7017.5498,3487.52,1246.25,43263.7415,E1,Y,N
12/08/2022,17:00,12241.5996,1506.9399,4869.46,977.216,11703.7998,6925.3701,3471.9099,1249.98,42946.2753,E2,N,N
12/08/2022,17:00,13825.7998,1508.96,4637.3501,978.49,11634.9004,7273.3799,3982.3601,1338.1899,45179.4302,E3,N,N
12/08/2022,17:00,13044.3242,1513.02,4766.2793,981.1661,11736.8398,7122.4199,3656.8115,1279.2114,44100.0722,M,N,N
12/08/2022,18:00,12111.2617,1718.2229,4937.7642,1149.1801,12782.4658,7465.2275,3539.4346,1358.1692,45061.726,A3,N,N
12/08/2022,18:00,11999.5713,1793.6931,4870.1123,1026.4313,13120.6221,7738.7866,3661.3999,1417.6793,45628.2959,A6,N,N
12/08/2022,18:00,13972.7998,1561.29,4771.02,1018.83,12437.4004,7522.98,3519.45,1282.73,46086.5002,E,N,N
12/08/2022,18:00,12489.4004,1609.59,4771.73,1032.16,12532.4004,7308.8101,3519.45,1268.4399,44531.9808,E1,Y,N
12/08/2022,18:00,12448.2002,1588.11,4941.73,1017.53,12139.2002,7212.1499,3504.23,1272.22,44123.3703,E2,N,N
12/08/2022,18:00,13972.7998,1561.29,4713.52,1018.99,12223.4004,7522.98,3978.3601,1349.8,46341.1403,E3,N,N
12/08/2022,18:00,13220.8008,1580.0701,4793.75,1021.8935,12311.6992,7391.73,3676.2634,1300.0045,45296.2115,M,N,N
12/08/2022,19:00,12115.8408,1759.5317,5043.4365,1148.6814,13207.5283,7750.9175,3680.1707,1420.7378,46126.8447,A3,N,N
12/08/2022,19:00,12034.8164,1758.3304,5032.1431,991.5934,13488.333,7935.8096,3783.603,1489.7301,46514.359,A6,N,N
12/08/2022,19:00,13932.7998,1594.71,4785.2998,1076.42,12772.2998,7738.02,3630.8501,1309.03,46839.4295,E,N,N
12/08/2022,19:00,12590.5996,1658.5601,4802.54,1091.5601,12857.7998,7567.3101,3630.8501,1283.84,45483.0598,E1,Y,N
12/08/2022,19:00,12550.5996,1636.25,5118.1699,1076.04,12382.0996,7466.96,3614.97,1287.77,45132.8591,E2,N,N
12/08/2022,19:00,13932.7998,1594.71,4915.96,1082.8,12466.5996,7738.02,4055.49,1359.26,47145.6394,E3,N,N
12/08/2022,19:00,13251.7012,1621.0574,4918.5586,1082.343,12589.1299,7627.5771,3775.5039,1314.998,46180.8691,M,N,N
12/08/2022,20:00,11923.1611,1733.8656,5113.4092,1128.3828,12973.1924,7678.0518,3676.0757,1423.1837,45649.3223,A3,N,N
12/08/2022,20:00,11902.3135,1762.202,5105.7783,941.9577,13207.2646,7857.6123,3798.4841,1516.6204,46092.2329,A6,N,N
12/08/2022,20:00,13604,1572.3101,4815.9502,1089.97,12671.2002,7587.9199,3589.95,1279.23,46210.5304,E,N,N
12/08/2022,20:00,12405.5,1641.53,4856.4702,1106.66,12705,7476.1201,3589.95,1255.76,45036.9903,E1,Y,N
12/08/2022,20:00,12366,1619.3101,5149.0898,1090.9,12188.2998,7376.4302,3574.6499,1259.16,44623.8398,E2,N,N
12/08/2022,20:00,13604,1572.3101,4958.6401,1097.47,12247.9004,7587.9199,3976.8501,1303.53,46348.6206,E3,N,N
12/08/2022,20:00,12994.875,1601.365,4959.3066,1097,12410.7695,7507.0977,3721.54,1276.85,45568.8038,M,N,N
12/08/2022,21:00,11596.835,1705.4426,5207.6826,1086.4117,12834.4248,7500.3003,3619.8105,1408.7288,44959.6363,A3,N,N
12/08/2022,21:00,11658.4521,1726.1536,5194.3398,908.0342,12991.1143,7687.9907,3730.6248,1512.858,45409.5675,A6,N,N
12/08/2022,21:00,13267.7998,1531.38,4985.6699,1086.48,12349.7998,7389.52,3519.4199,1271.79,45401.8594,E,N,N
12/08/2022,21:00,12160.2002,1597.75,5050.6099,1100.2,12386,7302.0898,3519.4199,1252.05,44368.3198,E1,Y,N
12/08/2022,21:00,12121.7998,1576.02,5181.48,1084.51,11846.5,7204.5298,3504.7,1255.1801,43774.7197,E2,N,N
12/08/2022,21:00,13267.7998,1531.38,4997.1699,1087.55,11889.7998,7389.52,3873.99,1277.65,45314.8595,E3,N,N
12/08/2022,21:00,12704.4004,1559.1326,5054.8823,1089.792,12072.0254,7321.415,3639.8396,1264.7535,44706.2408,M,N,N
12/08/2022,22:00,11164.8232,1630.0433,5288.79,1095.5764,12261.5596,7130.9521,3515.3108,1358.3146,43445.37,A3,N,N
12/08/2022,22:00,11214.082,1650.5957,5240.4858,898.572,12529.0898,7382.5923,3618.9727,1462.6184,43997.0087,A6,N,N
12/08/2022,22:00,12810.5,1475.66,5052.5801,1054.6899,11794.9004,7117.96,3432.49,1213.59,43952.3704,E,N,N
12/08/2022,22:00,11817.0996,1532.53,5110.1401,1067.67,11878,7040.9199,3432.49,1192.84,43071.6896,E1,Y,N
12/08/2022,22:00,11780,1511.55,5179.4902,1052.4399,11361.2002,6946.52,3418.5701,1195.52,42445.2904,E2,N,N
12/08/2022,22:00,12810.5,1475.66,4995.8101,1052.37,11382.4004,7117.96,3757.21,1197.95,43789.8605,E3,N,N
12/08/2022,22:00,12304.5254,1498.8501,5078.8281,1056.5604,11562.875,7055.8398,3542.6621,1198.4109,43298.5518,M,N,N
12/08/2022,23:00,10530.8809,1535.2211,5294.7886,1031.3684,11662.0381,6650.6357,3325.5557,1294.172,41324.6605,A3,N,N
12/08/2022,23:00,10556.0938,1544.0557,5272.2241,830.6877,11806.7207,6832.0938,3402.8862,1378.8171,41623.5791,A6,N,N
12/08/2022,23:00,12172.9004,1378.3101,5052.3501,1000.33,11005.7002,6681.9902,3254.7,1145.73,41692.011,E,N,N
12/08/2022,23:00,11325.0996,1423,5087.8398,1022.08,11156.0996,6612.27,3254.7,1130.64,41011.729,E1,Y,N
12/08/2022,23:00,11288.7998,1403.36,5102.9302,1007.48,10703.7998,6523.3301,3242.47,1132.92,40405.0899,E2,N,N
12/08/2022,23:00,12172.9004,1378.3101,4922.0601,1005.36,10654,6681.9902,3547.03,1132.17,41493.8208,E3,N,N
12/08/2022,23:00,11739.9258,1395.7451,5028.2656,1009.3155,10844.7305,6624.8955,3353.958,1134.009,41130.845,M,N,N
12/08/2022,24:00,9902.3252,1419.0837,5310.0557,971.4532,10956.0059,6167.7832,3112.8235,1240.8135,39080.3439,A3,N,N
12/08/2022,24:00,9868.5566,1399.2012,5263.9204,776.4193,11104.5625,6342.2988,3189.0264,1304.5662,39248.5514,A6,N,N
12/08/2022,24:00,11460.5,1287.7,4961.5601,947.835,10100,6195.8198,3049.8101,1094.2,39097.425,E,N,N
12/08/2022,24:00,10770,1319.16,5001.5298,978.107,10342.7998,6132.1899,3049.8101,1089.79,38683.3866,E1,Y,N
12/08/2022,24:00,10735.2002,1300.74,5005.7002,964.144,9958.0303,6049.2998,3039.4399,1091.71,38144.2644,E2,N,N
12/08/2022,24:00,11460.5,1287.7,4844.27,959.259,9825.9902,6195.8198,3307.73,1082.71,38963.979,E3,N,N
12/08/2022,24:00,11106.5498,1298.825,4941.5361,963.4786,10029.3047,6143.2822,3137.4895,1088.4535,38708.9194,M,N,N
12/09/2022,1:00,9447.7676,1363.5334,5161.0664,865.8763,10127.0664,5758.9883,2919.906,1305.7196,36949.924,A3,N,N
12/09/2022,1:00,9252.6367,1435.2858,5338.0483,635.3414,9965.6211,5697.6016,2986.0339,1548.5022,36859.071,A6,N,N
12/09/2022,1:00,10897.9004,1217.55,4966.98,905.918,9507.46,5774.48,2867.5801,1062.49,37200.3585,E,N,N
12/09/2022,1:00,10359.5,1259.4,4981.6802,951.322,9800.8604,5730.25,2867.5801,1072.62,37023.2127,E1,Y,N
12/09/2022,1:00,10324.5,1241.74,4892.1899,937.739,9510.1504,5652.7202,2858.6101,1074.58,36492.2296,E2,N,N
12/09/2022,1:00,10897.9004,1217.55,4733.1299,936.245,9206.9902,5774.48,3092.71,1078.78,36937.7855,E3,N,N
12/09/2022,1:00,10619.9502,1234.0601,4870.1104,935.8387,9476.3184,5732.9824,2944.1331,1073.7465,36887.1398,M,N,N
12/09/2022,2:00,9147.7783,1319.2567,5179.0977,836.3632,9792.1699,5553.8262,2794.2634,1297.0305,35919.7859,A3,N,N
12/09/2022,2:00,8929.0713,1392.5599,5341.4868,567.9877,9587.7422,5488.4019,2853.9097,1560.9614,35722.1209,A6,N,N
12/09/2022,2:00,10494.0996,1158.52,4766.5298,879.018,9163.54,5470.2202,2731.8301,1043.6899,35707.4476,E,N,N
12/09/2022,2:00,10037.2998,1218.29,4774.7202,929.839,9440.3604,5455.2402,2731.8301,1056.36,35643.9397,E1,Y,N
12/09/2022,2:00,10002.7998,1201.1899,4826.46,916.549,9244.0996,5381.1401,2723.8401,1058.36,35354.4385,E2,N,N
12/09/2022,2:00,10494.0996,1158.52,4664.3101,921.906,8795.2002,5470.2202,2934.46,1073.86,35512.5761,E3,N,N
12/09/2022,2:00,10257.0742,1184.13,4747.7832,916.1168,9123.9658,5444.2056,2800.7529,1061.0845,35535.113,M,N,N
12/09/2022,3:00,8925.8154,1323.8448,5178.3115,850.3972,9844.7842,5468.7466,2707.2424,1294.3546,35593.4967,A3,N,N
12/09/2022,3:00,8681.9512,1392.2386,5354.79,580.5005,9710.8594,5436.686,2769.5352,1545.7446,35472.3055,A6,N,N
12/09/2022,3:00,10237.0996,1131.26,4630.5498,868.419,9004.5,5293.7998,2642.2,1027.53,34835.3582,E,N,N
12/09/2022,3:00,9847.3301,1197.5699,4629.4502,925.2,9272.3896,5291.3599,2642.2,1035.35,34840.8497,E1,Y,N
12/09/2022,3:00,9813.2695,1180.72,4836.46,911.96,9161.7002,5219.27,2634.9299,1037.33,34795.6396,E2,N,N
12/09/2022,3:00,10237.0996,1131.26,4656.0098,921.991,8590.71,5293.7998,2819.78,1058.87,34709.5202,E3,N,N
12/09/2022,3:00,10033.6992,1160.2025,4690.6636,912.2498,8965.9453,5274.5576,2702.5356,1042.9041,34782.7577,M,N,N
12/09/2022,4:00,8906.6543,1303.7904,5205.2065,862.6019,9852.7715,5402.2495,2624.0532,1278.6591,35435.9864,A3,N,N
12/09/2022,4:00,8568.042,1413.85,5383.6016,590.0364,9731.9287,5351.936,2652.0938,1522.1456,35213.6341,A6,N,N
12/09/2022,4:00,10176.5996,1122.08,4606.0601,869.814,9032.0498,5256.54,2607.53,1015.34,34686.0135,E,N,N
12/09/2022,4:00,9812,1189.95,4610.1401,924.499,9283.4102,5269.48,2607.53,1019.17,34716.1793,E1,Y,N
12/09/2022,4:00,9778.8604,1173.14,4874.6299,911.25,9217,5197.3301,2600.5601,1021.02,34773.7905,E2,N,N
12/09/2022,4:00,10176.5996,1122.08,4678.27,928.096,8620.5703,5256.54,2770.8301,1035.83,34588.816,E3,N,N
12/09/2022,4:00,9986.0146,1151.8125,4699.4961,914.2429,8997.1094,5244.9727,2662.9424,1024.8889,34681.4795,M,N,N
12/09/2022,5:00,9069.0439,1335.6877,5240.3828,865.1793,10168.3105,5474.0972,2637.6155,1320.5236,36110.8405,A3,N,N
12/09/2022,5:00,8708.4287,1454.9573,5404.0239,566.2316,10068.9551,5365.2725,2659.3291,1615.7169,35842.9151,A6,N,N
12/09/2022,5:00,10292.7998,1172.72,4604.8101,895.245,9289.7598,5377.04,2630.05,1032.01,35294.4347,E,N,N
12/09/2022,5:00,9941.0498,1239.0601,4610.1899,948.581,9550.8604,5405.6802,2630.05,1033.8,35359.2714,E1,Y,N
12/09/2022,5:00,9908.7598,1221.53,4898.6602,934.964,9516.9297,5331.5098,2622.97,1035.61,35470.9335,E2,N,N
12/09/2022,5:00,10292.7998,1172.72,4702.5601,956.069,8912.6904,5377.04,2786.96,1053.5699,35254.4092,E3,N,N
12/09/2022,5:00,10108.8525,1201.5076,4713.8301,939.7971,9279.8535,5372.8174,2683.1985,1040.9036,35340.7603,M,N,N
12/09/2022,6:00,9480.2773,1386.1832,5289.1587,899.3035,10834.7246,5758.5488,2725.0776,1392.8998,37766.1735,A3,N,N
12/09/2022,6:00,9080.6826,1536.1128,5421.7964,597.9772,10718.5869,5626.9868,2734.2261,1728.3424,37444.7112,A6,N,N
12/09/2022,6:00,10780.7002,1302.1,4682.7598,964.794,9947.75,5719.0298,2770.1201,1079.04,37246.2939,E,N,N
12/09/2022,6:00,10425.5,1357.01,4686.3198,1017.32,10252.7002,5751.2798,2770.1201,1089.3199,37349.5698,E1,Y,N
12/09/2022,6:00,10392.9004,1337.8101,4913.6899,1002.68,10243,5672.3101,2762.03,1091.17,37415.5905,E2,N,N
12/09/2022,6:00,10780.7002,1302.1,4718.48,1030.03,9653.5996,5719.0298,2912.8201,1115.5,37232.2597,E3,N,N
12/09/2022,6:00,10594.9502,1324.755,4753.8848,1010.2296,9994.8477,5715.4121,2818.0427,1097.4036,37309.5257,M,N,N
12/09/2022,7:00,10045.0938,1527.4452,5297.6475,960.8634,11872.7803,6262.6436,2958.6064,1469.3815,40394.4617,A3,N,N
12/09/2022,7:00,9649.1182,1694.9812,5329.189,628.6448,11812.499,6104.2095,2986.6997,1798.1909,40003.5323,A6,N,N
12/09/2022,7:00,11471.7998,1521.53,4697.1899,1070.84,11001,6347.7998,3056.8301,1155.9,40322.8896,E,N,N
12/09/2022,7:00,11113.4004,1557.4,4703.1899,1123.7,11371,6360.8398,3056.8301,1176.88,40463.2402,E1,Y,N
12/09/2022,7:00,11080.7002,1535.36,5029.7002,1107.49,11390,6273.4502,3046.51,1178.95,40642.1606,E2,N,N
12/09/2022,7:00,11471.7998,1521.53,4827.9502,1140.92,10848.7002,6347.7998,3183.5601,1223.6801,40565.9402,E3,N,N
12/09/2022,7:00,11284.4248,1533.9551,4827.5835,1117.7455,11137.4453,6332.4722,3098.6055,1190.6306,40522.8625,M,N,N
12/09/2022,8:00,10235.3232,1595.2744,5353.2168,1123.7837,12327.5078,6519.5215,3060.8953,1404.854,41620.3767,A3,N,N
12/09/2022,8:00,9800.2637,1717.5923,5389.8848,980.7004,12292.6855,6342.2837,3088.512,1485.015,41096.9374,A6,N,N
12/09/2022,8:00,11752.9004,1614.0699,4863.04,1121.95,11683.2998,6748.8101,3174.1799,1214.8,42173.0501,E,N,N
12/09/2022,8:00,11398.9004,1640.51,4873.25,1172.67,12041.2002,6750.04,3174.1799,1249.36,42300.1105,E1,Y,N
12/09/2022,8:00,11366.7002,1617.26,5101.8198,1155.74,12098.4004,6656.9102,3163.26,1251.58,42411.6706,E2,N,N
12/09/2022,8:00,11752.9004,1614.0699,4906.6401,1186.37,11594.0996,6748.8101,3298.5601,1298.88,42400.3302,E3,N,N
12/09/2022,8:00,11567.8496,1621.4775,4940.5479,1165.6245,11845.3301,6726.1426,3214.9829,1262.063,42344.0181,M,N,N
12/09/2022,9:00,10458.9951,1563.9916,5375.7866,1219.2894,12166.5117,6570.0239,3049.542,1324.0297,41728.17,A3,N,N
12/09/2022,9:00,9946.3154,1706.0623,5440.7476,1238.4304,11964.9561,6271.1084,3035.6868,1239.5835,40842.8905,A6,N,N
12/09/2022,9:00,11994.7998,1623.17,4877.6602,1117.66,11866.7998,6821.1001,3166.1799,1256.74,42724.1098,E,N,N
12/09/2022,9:00,11601,1636.26,4888.27,1162.0699,12181.5,6838.4902,3166.1799,1292.8,42766.57,E1,Y,N
12/09/2022,9:00,11568.9004,1613.0601,5071.3301,1145.29,12248.7998,6743.8101,3155.8401,1295.03,42842.0606,E2,N,N
12/09/2022,9:00,11994.7998,1623.17,4869.25,1162.85,11734.4004,6821.1001,3308.1699,1342.21,42855.9502,E3,N,N
12/09/2022,9:00,11789.875,1623.915,4925.7866,1151.4866,11994.6348,6806.125,3213.2915,1305.2419,42810.3564,M,N,N
12/09/2022,10:00,10706.5801,1547.121,5328.0615,1199.427,12225.2266,6598.3394,3117.6401,1322.8092,42045.2049,A3,N,N
12/09/2022,10:00,10196.5283,1686.4951,5310.3765,1193.504,11885.2578,6286.3496,3130.5635,1283.1151,40972.1899,A6,N,N
12/09/2022,10:00,12345.7998,1633.04,4929.0601,1103.4,12018,6843.25,3238.3899,1282.5,43393.4398,E,N,N
12/09/2022,10:00,11862,1628.12,4935.0601,1142.45,12295.2002,6872.98,3238.3899,1320.01,43294.2102,E1,Y,N
12/09/2022,10:00,11829.9004,1605,5066.9399,1125.98,12375.5996,6777.8198,3227.6699,1322.41,43331.3196,E2,N,N
12/09/2022,10:00,12345.7998,1633.04,4862.3198,1127.01,11809.2998,6843.25,3420.96,1371.52,43413.1994,E3,N,N
12/09/2022,10:00,12095.875,1624.8,4941.6709,1127.071,12103.6543,6834.3252,3299.6094,1333.012,43360.0178,M,N,N
12/09/2022,11:00,10942.9775,1511.6323,5311.5278,1191.6958,12212.6973,6641.0186,3138.6887,1341.8341,42292.0721,A3,N,N
12/09/2022,11:00,10499.1367,1645.6194,5286.7485,1185.2853,11874.8975,6287.5293,3152.3176,1321.8357,41253.37,A6,N,N
12/09/2022,11:00,12631.9004,1616.46,4998.0498,1091.01,12044.2998,6813.54,3285.78,1288.02,43769.06,E,N,N
12/09/2022,11:00,12038.2002,1585.59,5011.6201,1125.67,12296.2998,6841.8599,3285.78,1320.01,43505.03,E1,Y,N
12/09/2022,11:00,12005.4004,1563.01,5094.3101,1109.48,12436.5996,6747.21,3274.75,1322.35,43553.1101,E2,N,N
12/09/2022,11:00,12631.9004,1616.46,4884.0698,1092.28,11759.0996,6813.54,3530.96,1370.35,43698.6598,E3,N,N
12/09/2022,11:00,12326.8496,1595.38,4985.6143,1104.7371,12105.5547,6804.0381,3368.8354,1333.4155,43624.4247,M,N,N
12/09/2022,12:00,11102.8115,1523.9521,5249.4907,1187.1707,12234.3057,6630.0547,3196.54,1326.962,42451.2874,A3,N,N
12/09/2022,12:00,10742.2227,1655.0254,5220.2329,1182.5885,12007.2246,6293.4673,3226.6987,1299.2273,41626.6874,A6,N,N
12/09/2022,12:00,12827.7998,1572.2,5001.04,1086.3199,11958.7002,6763.9199,3314.2,1287.11,43811.2898,E,N,N
12/09/2022,12:00,12094.2998,1525.21,5012.4702,1116.27,12170.9004,6775.4902,3314.2,1308.98,43317.8206,E1,Y,N
12/09/2022,12:00,12061.4004,1503.53,5067.6602,1100.23,12375.4004,6681.8799,3303.04,1311.21,43404.3509,E2,N,N
12/09/2022,12:00,12827.7998,1572.2,4872.8198,1070.02,11584.2002,6763.9199,3627.77,1360.72,43679.4497,E3,N,N
12/09/2022,12:00,12452.8252,1543.2849,4975.6753,1091.58,11984.8506,6746.3027,3421.1594,1324.366,43540.0441,M,N,N
12/09/2022,13:00,11133.3389,1506.4652,5183.8374,1137.9097,12178.3467,6691.5112,3244.6177,1298.2969,42374.3237,A3,N,N
12/09/2022,13:00,10946.6641,1612.6678,5108.4678,1077.1635,12257.8477,6430.9414,3311.249,1374.7194,42119.7207,A6,N,N
12/09/2022,13:00,12893.5996,1543.9301,4977.0801,1064.1,11814.7998,6704.5,3349.23,1281.88,43629.1196,E,N,N
12/09/2022,13:00,12018.5,1477.09,4973.3901,1092.65,12010.0996,6678.6201,3349.23,1293.83,42893.4098,E1,Y,N
12/09/2022,13:00,11985.7998,1456.13,4975.2598,1076.98,12255.7998,6586.52,3338,1295.9399,42970.4293,E2,N,N
12/09/2022,13:00,12893.5996,1543.9301,4807.8398,1032.97,11362,6704.5,3733.0701,1352.0699,43429.9795,E3,N,N
12/09/2022,13:00,12447.875,1505.27,4916.4688,1063.562,11815.3955,6668.5352,3480.7664,1312.949,43210.8219,M,N,N
12/09/2022,14:00,11259.2754,1538.2557,5182.2339,1065.2318,12209.126,6750.9375,3333.5903,1279.3042,42617.9548,A3,N,N
12/09/2022,14:00,11106.9873,1621.4761,5060.2539,930.5335,12493.0645,6507.5474,3393.7109,1377.3477,42490.9213,A6,N,N
12/09/2022,14:00,12986.0996,1523.8101,5171.2998,1057.95,11676.4004,6656.3101,3399.6499,1272.66,43744.1799,E,N,N
12/09/2022,14:00,11972,1444.8,5154.9902,1086.45,11879.5,6599.5801,3399.6499,1272.05,42809.0202,E1,Y,N
12/09/2022,14:00,11939.0996,1424.3199,4972.0698,1070.89,12130.5996,6508.6802,3388.1599,1274.05,42707.869,E2,N,N
12/09/2022,14:00,12986.0996,1523.8101,4814.1699,1020.33,11199.0996,6656.3101,3854.3501,1328.35,43382.5194,E3,N,N
12/09/2022,14:00,12470.8242,1479.1851,4992.4194,1055.1429,11673.6699,6605.2202,3555.9224,1292.3466,43124.7307,M,N,N
12/09/2022,15:00,11245.7402,1543.1843,5276.9697,1032.6974,12032.1318,6796.9663,3348.5095,1259.2072,42535.4064,A3,N,N
12/09/2022,15:00,11142.624,1623.5568,5257.2305,896.8018,12444.2676,6719.2739,3416.3635,1357.6027,42857.7208,A6,N,N
12/09/2022,15:00,12961.4004,1505.5,5114.1201,1040.17,11558.0996,6662.6699,3451.8301,1273.73,43567.5201,E,N,N
12/09/2022,15:00,11850.7002,1419.6,5102.46,1073.53,11751.7002,6558.3701,3451.8301,1273.42,42481.6106,E1,Y,N
12/09/2022,15:00,11818.2998,1399.47,4961.3301,1058.1801,11965.7002,6467.9302,3440.3401,1275.42,42386.6705,E2,N,N
12/09/2022,15:00,12961.4004,1505.5,4800.4502,995.343,11042.4004,6662.6699,3949.26,1323.64,43240.6639,E3,N,N
12/09/2022,15:00,12397.9502,1457.5175,4963.2231,1037.323,11527.9053,6587.9102,3623.0581,1291.5435,42886.4309,M,N,N
12/09/2022,16:00,11257.1309,1572.6422,5272.5762,1071.0493,12022.1318,6874.5171,3352.374,1241.2672,42663.6887,A3,N,N
12/09/2022,16:00,11211.1494,1649.9122,5270.9351,953.5329,12384.3984,6821.481,3481.3354,1298.7404,43071.4848,A6,N,N
12/09/2022,16:00,12910.5996,1506.16,5020.9502,1030.3101,11543.2998,6676.8501,3478.1699,1293.39,43459.7297,E,N,N
12/09/2022,16:00,11722.7002,1409.64,5013.6099,1064.62,11681.5996,6566.8999,3478.1699,1293.8,42231.0395,E1,Y,N
12/09/2022,16:00,11691.2002,1389.63,4975.3799,1049.41,11832.9004,6476.0498,3467.1899,1295.8199,42177.5801,E2,N,N
12/09/2022,16:00,12910.5996,1506.16,4802.4102,986.038,10973.9004,6676.8501,3989.74,1347.65,43193.3483,E3,N,N
12/09/2022,16:00,12308.7754,1452.8975,4931.2334,1028.1674,11450.9854,6599.1621,3654.4744,1313.0909,42738.7865,M,N,N
12/09/2022,17:00,11142.0889,1623.3414,5251.8521,1086.5482,12168.3076,7016.4404,3407.5723,1300.5245,42996.6754,A3,N,N
12/09/2022,17:00,11050.3779,1722.7078,5242.4351,944.6508,12496.373,7053.1318,3549.4395,1414.371,43473.4869,A6,N,N
12/09/2022,17:00,12793.5,1509.33,4953.73,1039.79,11774.5,6775.8701,3486.5601,1322.58,43655.8602,E,N,N
12/09/2022,17:00,11605.7002,1440.37,4969.0498,1077.0699,11842.0996,6696.77,3486.5601,1321.09,42438.7096,E1,Y,N
12/09/2022,17:00,11574.5,1419.86,5025.46,1061.6899,11889.0996,6603.73,3476.04,1323.0699,42373.4494,E2,N,N
12/09/2022,17:00,12793.5,1509.33,4843.79,998.586,11152.5,6775.8701,3986.52,1379.21,43439.3061,E3,N,N
12/09/2022,17:00,12191.8008,1469.7225,4937.0137,1040.1636,11602.3496,6713.0596,3658.916,1342.1505,42955.1763,M,N,N
12/09/2022,18:00,11260.8887,1699.5437,5174.3848,1143.4427,12648.9521,7319.3848,3464.5713,1337.6559,44048.824,A3,N,N
12/09/2022,18:00,11376.6113,1780.4723,5079.9453,1016.9823,12944.2764,7458.54,3622.7202,1430.7308,44710.2786,A6,N,N
12/09/2022,18:00,12965.4004,1603.4301,4895.1602,1092.63,12361,7058.1201,3520.0701,1350.08,44845.8909,E,N,N
12/09/2022,18:00,11805.5,1540.85,4895.79,1128.55,12393.7998,7039.9302,3520.0701,1337.75,43662.2401,E1,Y,N
12/09/2022,18:00,11775.7002,1518.84,5068.0498,1112.4,12282.4004,6941.8198,3509.8501,1339.72,43548.7803,E2,N,N
12/09/2022,18:00,12965.4004,1603.4301,4886.1001,1050.33,11735.2998,7058.1201,3971.99,1394.21,44664.8805,E3,N,N
12/09/2022,18:00,12378,1566.6375,4935.3691,1091.7476,12130.5547,7024.498,3675.6873,1359.853,44162.3472,M,N,N
12/09/2022,19:00,11200.5732,1709.0801,5268.9019,1140.7776,12863.8789,7464.9663,3530.2366,1409.7777,44588.1923,A3,N,N
12/09/2022,19:00,11356.377,1719.0498,5238.3765,985.0265,13162.7764,7588.4766,3695.9958,1476.9049,45222.9835,A6,N,N
12/09/2022,19:00,12920.7002,1646.96,4887.9302,1158.34,12673.5,7325.0601,3639.9299,1368.3,45620.7204,E,N,N
12/09/2022,19:00,11892.5996,1581.01,4864.6001,1187.9399,12640.7002,7347.29,3639.9299,1344.86,44498.9297,E1,Y,N
12/09/2022,19:00,11864,1558.3199,5182.2598,1170.91,12412.4004,7244.8101,3629.25,1346.86,44408.8102,E2,N,N
12/09/2022,19:00,12920.7002,1646.96,5004.0601,1102.1,11998.7998,7325.0601,4044.3201,1400.41,45442.4103,E3,N,N
12/09/2022,19:00,12399.5,1608.3125,4996.3257,1149.1985,12363.8809,7310.5552,3778.7964,1368.3186,44974.8878,M,N,N
12/09/2022,20:00,10972.8379,1687.6971,5383.3779,1130.6964,12641.3418,7351.7378,3536.6733,1419.489,44123.8512,A3,N,N
12/09/2022,20:00,11092.9033,1716.9142,5344.8403,940.0681,12867.791,7539.979,3696.563,1477.6079,44676.6668,A6,N,N
12/09/2022,20:00,12654.7002,1629.17,4913.3799,1173.41,12521.7998,7201.21,3590.46,1340.9,45025.0299,E,N,N
12/09/2022,20:00,11693.0996,1565.97,4844.8398,1204.98,12432,7229.96,3590.46,1304.9301,43866.2395,E1,Y,N
12/09/2022,20:00,11664.7998,1543.4301,5134.1401,1187.6801,12125.9004,7128.77,3580.22,1306.66,43671.6005,E2,N,N
12/09/2022,20:00,12654.7002,1629.17,4980.0898,1108.9,11797,7201.21,3939.0901,1342.86,44653.0201,E3,N,N
12/09/2022,20:00,12166.8242,1591.9351,4974.7832,1162.2915,12146.6953,7190.2871,3709.9204,1324.0336,44266.7704,M,N,N
12/09/2022,21:00,10756.2842,1655.7651,5451.2241,1104.2938,12415.0439,7184.6191,3504.3569,1408.6145,43480.2016,A3,N,N
12/09/2022,21:00,10859.5166,1664.0801,5391.0732,911.4694,12632.4277,7331.9463,3606.8643,1452.0518,43849.4294,A6,N,N
12/09/2022,21:00,12350.7002,1577.21,5074.02,1167.77,12278.4004,7016.0298,3497.1299,1325.1899,44286.4502,E,N,N
12/09/2022,21:00,11442.5996,1528.9399,4984.5098,1193.99,12135.2002,7078.5,3497.1299,1284.49,43145.3594,E1,Y,N
12/09/2022,21:00,11414.7998,1506.9,5110.5,1176.8199,11725.9004,6979.3301,3487.4199,1286.03,42687.7001,E2,N,N
12/09/2022,21:00,12350.7002,1577.21,4977.1699,1092.77,11484.9004,7016.0298,3804.96,1308.77,43612.5103,E3,N,N
12/09/2022,21:00,11889.7002,1547.5649,5026.8647,1150.3375,11826.75,7022.4727,3602.4429,1299.478,43365.6109,M,N,N
12/09/2022,22:00,10550.0439,1590.9545,5472.4185,1113.804,12012.8408,6915.3926,3442.5852,1357.4249,42455.4644,A3,N,N
12/09/2022,22:00,10606.0645,1599.4562,5380.6191,907.0247,12349.7256,7121.3413,3514.894,1397.1578,42876.2832,A6,N,N
12/09/2022,22:00,12017.0996,1519.4301,5127.3599,1143.62,11944.2998,6776.8398,3405.01,1285.98,43219.6392,E,N,N
12/09/2022,22:00,11159,1481.17,5029.9702,1168.17,11750.9004,6867.0801,3405.01,1222.17,42083.4707,E1,Y,N
12/09/2022,22:00,11131.9004,1459.78,5094.7202,1151.37,11223.2002,6770.6802,3395.8701,1223.51,41451.0311,E2,N,N
12/09/2022,22:00,12017.0996,1519.4301,4960.3999,1062.04,11097.4004,6776.8398,3684.1201,1238.5,42355.8299,E3,N,N
12/09/2022,22:00,11581.2754,1494.9526,5036.4165,1123.142,11419.2598,6797.8594,3500.4136,1237.792,42191.1113,M,N,N
12/09/2022,23:00,10118.875,1503.3628,5457.792,1059.9733,11692.2246,6581.4912,3308.1487,1288.9948,41010.8624,A3,N,N
12/09/2022,23:00,10156.5488,1515.4921,5398.0791,857.4869,11976.123,6728.3037,3355.5986,1343.9365,41331.5687,A6,N,N
12/09/2022,23:00,11575,1418.72,5108.5298,1095.26,11504.2002,6425.9102,3251.28,1227.83,41606.7302,E,N,N
12/09/2022,23:00,10815.7998,1401.8199,5021.71,1118.41,11291.2002,6541.5698,3251.28,1165.77,40607.5597,E1,Y,N
12/09/2022,23:00,10788.2998,1381.5601,5032.9302,1102.3101,10688.0996,6449.54,3243.0801,1167.03,39852.8499,E2,N,N
12/09/2022,23:00,11575,1418.72,4897.8599,1020.49,10607,6425.9102,3503.5,1184.37,40632.8501,E3,N,N
12/09/2022,23:00,11188.5254,1405.205,4994.1904,1076.6405,10932.9053,6460.7324,3337.5068,1181.9041,40577.6099,M,N,N
12/09/2022,24:00,9630.29,1415.5424,5448.063,1020.3928,11182.6172,6220.0186,3146.4434,1227.1099,39290.4773,A3,N,N
12/09/2022,24:00,9605.9482,1411.9382,5388.5205,820.3645,11483.7129,6358.1079,3182.9395,1269.6899,39521.2216,A6,N,N
12/09/2022,24:00,11041.5996,1312.17,5055.1001,1045.97,10990.2998,6011.6099,3075.49,1167.55,39699.7894,E,N,N
12/09/2022,24:00,10398.4004,1313.38,4962.9702,1069.12,10737.5,6147.29,3075.49,1104.2,38808.3506,E1,Y,N
12/09/2022,24:00,10371.2002,1294.35,4963.48,1053.72,10033.4004,6060.5298,3068.3101,1105.29,37950.2805,E2,N,N
12/09/2022,24:00,11041.5996,1312.17,4837.4199,977.727,10006.5996,6011.6099,3304.52,1124.95,38616.596,E3,N,N
12/09/2022,24:00,10713.1992,1308.0176,4932.9746,1029.8099,10343.5801,6057.7598,3153.8555,1121.2375,38660.4342,M,N,N
